1.000000000000000056e-01 6.500000000000000222e-02 2.800000000000000266e-01 5.550000000000000488e-01
3.083333333333333481e-01 3.116666666666666474e-01 2.633333333333333082e-01 1.166666666666666685e-01
2.374999999999999889e-01 4.625000000000000222e-01 2.683333333333333126e-01 3.166666666666666935e-02
6.083333333333332815e-01 2.141666666666666718e-01 6.666666666666666574e-02 1.108333333333333393e-01
1.350000000000000089e-01 9.416666666666666241e-02 7.691666666666666652e-01 1.666666666666666774e-03
1.091666666666666619e-01 3.433333333333333237e-01 3.458333333333333259e-01 2.016666666666666607e-01
1.166666666666666720e-02 9.750000000000000333e-02 4.916666666666666408e-02 8.416666666666666741e-01
6.624999999999999778e-01 8.333333333333333218e-03 1.166666666666666685e-01 2.124999999999999944e-01
4.166666666666666852e-01 1.033333333333333326e-01 4.558333333333333126e-01 2.416666666666666616e-02
5.033333333333332993e-01 2.891666666666666829e-01 6.666666666666667095e-03 2.008333333333333359e-01
2.241666666666666530e-01 1.616666666666666530e-01 5.258333333333333748e-01 8.833333333333333315e-02
