2.750000000000000222e-01 1.516666666666666718e-01 5.316666666666666208e-01 4.166666666666666435e-02
4.575000000000000178e-01 7.333333333333333370e-02 6.750000000000000444e-02 4.016666666666666718e-01
1.691666666666666596e-01 1.350000000000000089e-01 5.925000000000000266e-01 1.033333333333333326e-01
8.375000000000000222e-01 1.449999999999999900e-01 1.750000000000000167e-02 0.000000000000000000e+00
2.666666666666666630e-01 0.000000000000000000e+00 4.166666666666666609e-03 7.291666666666666297e-01
2.249999999999999917e-02 2.883333333333333304e-01 6.800000000000000488e-01 9.166666666666666713e-03
1.591666666666666785e-01 4.116666666666666807e-01 4.291666666666666408e-01 0.000000000000000000e+00
9.066666666666666208e-01 1.166666666666666720e-02 2.249999999999999917e-02 5.916666666666666602e-02
1.000000000000000056e-01 2.849999999999999756e-01 3.983333333333333171e-01 2.166666666666666741e-01
2.166666666666666741e-01 3.008333333333333415e-01 3.016666666666666941e-01 1.808333333333333459e-01
1.133333333333333276e-01 4.091666666666666785e-01 6.333333333333333870e-02 4.141666666666666829e-01
