1.434779999999999944e-01 0.000000000000000000e+00 4.348000000000000302e-03 8.521739999999999871e-01
4.784700000000000064e-02 0.000000000000000000e+00 1.435400000000000044e-02 9.377990000000000492e-01
0.000000000000000000e+00 0.000000000000000000e+00 0.000000000000000000e+00 1.000000000000000000e+00
0.000000000000000000e+00 5.075999999999999783e-03 9.949240000000000306e-01 0.000000000000000000e+00
0.000000000000000000e+00 0.000000000000000000e+00 1.000000000000000000e+00 0.000000000000000000e+00
0.000000000000000000e+00 1.000000000000000000e+00 0.000000000000000000e+00 0.000000000000000000e+00
0.000000000000000000e+00 5.075999999999999783e-03 9.949240000000000306e-01 0.000000000000000000e+00
0.000000000000000000e+00 1.000000000000000000e+00 0.000000000000000000e+00 0.000000000000000000e+00
0.000000000000000000e+00 9.949240000000000306e-01 5.075999999999999783e-03 0.000000000000000000e+00
9.849250000000000504e-01 5.024999999999999953e-03 0.000000000000000000e+00 1.004999999999999991e-02
9.607839999999999714e-01 1.470600000000000032e-02 0.000000000000000000e+00 2.451000000000000054e-02
9.702969999999999651e-01 0.000000000000000000e+00 0.000000000000000000e+00 2.970300000000000024e-02
