2.194389999999999952e-01 2.154310000000000114e-01 7.314600000000000268e-02 4.919839999999999769e-01
9.949949999999999628e-01 4.003999999999999747e-03 1.000999999999999937e-03 0.000000000000000000e+00
3.406800000000000106e-02 7.013999999999999402e-02 2.905800000000000050e-02 8.667329999999999757e-01
5.270540000000000225e-01 2.304609999999999992e-01 1.092179999999999956e-01 1.332669999999999966e-01
3.463459999999999872e-01 1.121120000000000033e-01 2.282279999999999864e-01 3.133130000000000082e-01
7.462389999999999857e-01 5.015000000000000013e-02 1.584750000000000048e-01 4.513500000000000151e-02
1.002999999999999985e-03 1.002999999999999985e-03 1.002999999999999985e-03 9.969909999999999606e-01
9.899900000000000366e-01 0.000000000000000000e+00 1.000999999999999980e-02 0.000000000000000000e+00
7.121399999999999952e-02 9.277830000000000243e-01 1.002999999999999985e-03 0.000000000000000000e+00
8.516999999999999571e-02 3.356709999999999972e-01 5.070139999999999647e-01 7.214399999999999979e-02
2.206619999999999970e-01 2.377130000000000076e-01 2.768300000000000205e-01 2.647939999999999738e-01
2.074149999999999883e-01 2.705409999999999759e-01 2.915829999999999811e-01 2.304609999999999992e-01
1.581579999999999930e-01 2.812810000000000032e-01 3.043040000000000189e-01 2.562559999999999838e-01
4.609200000000000103e-02 1.723449999999999982e-01 7.394789999999999974e-01 4.208400000000000335e-02
6.946949999999999514e-01 0.000000000000000000e+00 1.000999999999999937e-03 3.043040000000000189e-01
9.969970000000000221e-01 0.000000000000000000e+00 0.000000000000000000e+00 3.003000000000000027e-03
1.181180000000000008e-01 8.818820000000000547e-01 0.000000000000000000e+00 0.000000000000000000e+00
0.000000000000000000e+00 0.000000000000000000e+00 1.591589999999999949e-01 8.408409999999999496e-01
2.354710000000000136e-01 6.011999999999999983e-03 1.603200000000000111e-02 7.424849999999999506e-01
2.004000000000000139e-03 9.799600000000000533e-01 0.000000000000000000e+00 1.803599999999999995e-02
5.931859999999999911e-01 3.206410000000000093e-01 0.000000000000000000e+00 8.617199999999999860e-02
3.206400000000000222e-02 1.402800000000000054e-02 5.009999999999999697e-03 9.488980000000000192e-01
8.007999999999999494e-03 1.000999999999999937e-03 1.201200000000000011e-02 9.789790000000000436e-01
6.011999999999999983e-03 6.953909999999999814e-01 4.008000000000000278e-03 2.945889999999999898e-01
9.038079999999999448e-01 1.502999999999999996e-02 7.715400000000000036e-02 4.008000000000000278e-03
8.007999999999999494e-03 0.000000000000000000e+00 0.000000000000000000e+00 9.919919999999999849e-01
