3.460200000000000081e-02 7.958500000000000296e-02 9.688599999999999990e-02 7.889270000000000449e-01
2.670600000000000057e-02 1.483699999999999949e-02 9.169140000000000068e-01 4.154299999999999660e-02
8.333300000000000429e-02 9.015149999999999553e-01 7.576000000000000269e-03 7.576000000000000269e-03
5.185200000000000226e-02 9.185189999999999744e-01 1.481500000000000004e-02 1.481500000000000004e-02
9.901959999999999651e-01 4.902000000000000107e-03 4.902000000000000107e-03 0.000000000000000000e+00
7.752000000000000210e-03 9.922480000000000189e-01 0.000000000000000000e+00 0.000000000000000000e+00
0.000000000000000000e+00 0.000000000000000000e+00 1.000000000000000000e+00 0.000000000000000000e+00
3.730999999999999941e-03 0.000000000000000000e+00 0.000000000000000000e+00 9.962689999999999602e-01
3.436399999999999871e-02 6.872999999999999769e-03 9.037800000000000278e-01 5.498299999999999715e-02
2.657800000000000093e-02 6.644999999999999865e-03 8.737540000000000306e-01 9.302299999999999458e-02
3.571400000000000269e-02 9.142860000000000431e-01 1.428600000000000009e-02 3.571400000000000269e-02
7.788460000000000383e-01 3.846200000000000313e-02 1.298080000000000067e-01 5.288500000000000145e-02
