0.000000000000000000e+00 8.407100000000000684e-02 0.000000000000000000e+00 9.159289999999999932e-01
1.578900000000000095e-02 0.000000000000000000e+00 9.789470000000000116e-01 5.263000000000000317e-03
0.000000000000000000e+00 9.945800000000000196e-01 0.000000000000000000e+00 5.420000000000000338e-03
0.000000000000000000e+00 0.000000000000000000e+00 0.000000000000000000e+00 1.000000000000000000e+00
0.000000000000000000e+00 0.000000000000000000e+00 0.000000000000000000e+00 1.000000000000000000e+00
0.000000000000000000e+00 0.000000000000000000e+00 9.346000000000000141e-03 9.906540000000000346e-01
0.000000000000000000e+00 1.000000000000000000e+00 0.000000000000000000e+00 0.000000000000000000e+00
0.000000000000000000e+00 4.615400000000000058e-02 1.307689999999999964e-01 8.230769999999999476e-01
1.000000000000000000e+00 0.000000000000000000e+00 0.000000000000000000e+00 0.000000000000000000e+00
0.000000000000000000e+00 0.000000000000000000e+00 1.000000000000000000e+00 0.000000000000000000e+00
0.000000000000000000e+00 0.000000000000000000e+00 1.000000000000000000e+00 0.000000000000000000e+00
9.931269999999999820e-01 0.000000000000000000e+00 6.872999999999999769e-03 0.000000000000000000e+00
1.000000000000000000e+00 0.000000000000000000e+00 0.000000000000000000e+00 0.000000000000000000e+00
0.000000000000000000e+00 9.216999999999999499e-03 0.000000000000000000e+00 9.907829999999999693e-01
0.000000000000000000e+00 7.048500000000000598e-02 0.000000000000000000e+00 9.295149999999999801e-01
3.095890000000000031e-01 6.657530000000000392e-01 2.465799999999999936e-02 0.000000000000000000e+00
5.446429999999999882e-01 4.345240000000000213e-01 2.083300000000000082e-02 0.000000000000000000e+00
