5.185610000000000497e-01 1.075760000000000050e-01 2.227270000000000083e-01 1.511359999999999926e-01
7.476599999999999913e-01 1.794099999999999862e-02 2.203589999999999993e-01 1.404099999999999966e-02
8.991430000000000256e-01 0.000000000000000000e+00 5.308000000000000218e-03 9.554899999999999505e-02
9.261930000000000440e-01 0.000000000000000000e+00 0.000000000000000000e+00 7.380699999999999761e-02
8.116950000000000554e-01 0.000000000000000000e+00 1.691799999999999901e-02 1.713870000000000116e-01
1.771179999999999977e-01 0.000000000000000000e+00 3.477740000000000276e-01 4.751079999999999748e-01
1.187500000000000014e-02 1.165140000000000065e-01 8.427069999999999839e-01 2.890399999999999914e-02
0.000000000000000000e+00 7.739999999999999485e-04 9.992259999999999476e-01 0.000000000000000000e+00
0.000000000000000000e+00 1.000000000000000000e+00 0.000000000000000000e+00 0.000000000000000000e+00
0.000000000000000000e+00 7.519999999999999558e-04 9.992480000000000251e-01 0.000000000000000000e+00
0.000000000000000000e+00 1.000000000000000000e+00 0.000000000000000000e+00 0.000000000000000000e+00
3.135099999999999693e-02 7.792499999999999982e-01 1.777630000000000043e-01 1.163499999999999951e-02
6.508040000000000491e-01 2.099679999999999880e-01 0.000000000000000000e+00 1.392279999999999907e-01
3.610320000000000196e-01 7.741999999999999750e-03 5.676999999999999755e-03 6.255479999999999929e-01
2.708130000000000259e-01 2.478000000000000168e-03 2.972999999999999948e-03 7.237360000000000460e-01
1.317059999999999897e-01 7.232999999999999846e-03 4.218999999999999660e-03 8.568409999999999638e-01
2.552600000000000008e-02 1.479820000000000024e-01 4.380799999999999972e-02 7.826840000000000463e-01
1.004199999999999954e-01 2.491250000000000131e-01 1.242130000000000040e-01 5.262419999999999876e-01
