7.883300699300699321e-01
7.726545454545454827e-01
7.915972027972026925e-01
7.848839160839160556e-01
7.831048951048951157e-01
7.941706293706293218e-01
7.917202797202798070e-01
7.492139860139860330e-01
7.807104895104894915e-01
7.273062937062936273e-01
7.932307692307691838e-01
7.702377622377621913e-01
7.772083916083916133e-01
7.834181818181817913e-01
7.838657342657342486e-01
7.662545454545452994e-01
8.359272727272727410e-01
8.319776223776225166e-01
8.330181818181817688e-01
8.155188811188811560e-01
7.984335664335664440e-01
8.281846153846154079e-01
8.003020979020979420e-01
8.301538461538462421e-01
8.084363636363637307e-01
8.270545454545454866e-01
7.929062937062936189e-01
8.429314685314684974e-01
8.230041958041957040e-01
8.103048951048951176e-01
8.064783216783216746e-01
8.208223776223775303e-01
8.395412587412587335e-01
8.311720279720279381e-01
8.222097902097901256e-01
8.352447552447551660e-01
8.331524475524474393e-01
8.348979020979020449e-01
8.241678321678321817e-01
8.311272727272728256e-01
8.330181818181817688e-01
8.268419580419580361e-01
8.258349650349650073e-01
8.381762237762238055e-01
8.305566433566433648e-01
8.289790209790209863e-01
8.296951048951048957e-01
8.325594405594406444e-01
8.303888111888111379e-01
8.339692307692306850e-01
8.332083916083916630e-01
8.275356643356642783e-01
8.360839160839159678e-01
8.324923076923076426e-01
8.321566433566432996e-01
8.248727272727272020e-01
8.282069930069929642e-01
8.328167832167832074e-01
8.299748251748251260e-01
8.252307692307692122e-01
8.374153846153846725e-01
8.277706293706292850e-01
8.187188811188811366e-01
8.308811188811189297e-01
8.291356643356643241e-01
8.339580419580420179e-01
8.316867132867132861e-01
8.323804195804194173e-01
8.333314685314685555e-01
8.363188811188809746e-01
8.325258741258740880e-01
8.366209790209789832e-01
8.331524475524474393e-01
8.340811188811189103e-01
8.231384615384613745e-01
8.365426573426573142e-01
8.243804195804195212e-01
8.339468531468531287e-01
8.356923076923077343e-01
8.365762237762236486e-01
8.117930069930070491e-01
8.324251748251747518e-01
8.353454545454546132e-01
8.397090909090908495e-01
8.253090909090908811e-01
8.249958041958040944e-01
8.250741258741257633e-01
8.276251748251748364e-01
8.350881118881118281e-01
8.312839160839160524e-01
8.266293706293705856e-01
8.264615384615384697e-01
8.277146853146852834e-01
8.241342657342658473e-01
8.285762237762237525e-01
8.316307692307692845e-01
8.204643356643355201e-01
8.237762237762237261e-01
8.122741258741258408e-01
8.159216783216782787e-01
8.381202797202798038e-01
8.326601398601397586e-01
8.228587412587411443e-01
8.143888111888111236e-01
8.259020979020978981e-01
8.292475524475524384e-01
8.143888111888111236e-01
8.282517482517481877e-01
8.267748251748251453e-01
8.240783216783216236e-01
8.283412587412587458e-01
8.342377622377623592e-01
7.914629370629370220e-01
8.166265734265735210e-01
8.234853146853147177e-01
8.245706293706294154e-01
8.187748251748252493e-01
8.198937062937062814e-01
8.145342657342656834e-01
8.178013986013985548e-01
8.309370629370630423e-01
8.214601398601398818e-01
7.791664335664336694e-01
8.119720279720279432e-01
8.260363636363636797e-01
8.153734265734264852e-01
8.239440559440559531e-01
7.229202797202797237e-01
7.944839160839161085e-01
7.771748251748251679e-01
7.634573426573426635e-01
7.835188811188811275e-01
7.856895104895105231e-01
7.258741258741258084e-01
7.899860139860140906e-01
7.942825174825174361e-01
7.861482517482516474e-01
7.742545454545454175e-01
7.893594405594406282e-01
7.763916083916084787e-01
7.838545454545452484e-01
7.953230769230770214e-01
7.904447552447552150e-01
7.909818181818182303e-01
8.317090909090909534e-01
8.300419580419580168e-01
8.199832167832168395e-01
8.339020979020979052e-01
8.215720279720279962e-01
8.411188811188811121e-01
8.368783216783217682e-01
8.251636363636363214e-01
8.326041958041956459e-01
8.311384615384614927e-01
8.303328671328671362e-01
8.218293706293706702e-01
8.246489510489510844e-01
8.410517482517482213e-01
8.304895104895105851e-01
8.320895104895105199e-01
8.320895104895105199e-01
8.294825174825174452e-01
8.304783216783218069e-01
8.347748251748251525e-01
8.406153846153845421e-01
8.416335664335663491e-01
8.323916083916083064e-01
8.337006993006993438e-01
8.354797202797201727e-01
8.296615384615383393e-01
8.341370629370628009e-01
8.319776223776224056e-01
8.391496503496503889e-01
8.348419580419581543e-01
8.371916083916083329e-01
8.315860139860139499e-01
8.259804195804195670e-01
8.358489510489510721e-01
8.304895104895104740e-01
8.228363636363635880e-01
8.301090909090909076e-01
8.390265734265734965e-01
8.368223776223776555e-01
8.302321678321678000e-01
8.343272727272726952e-01
8.306237762237761446e-01
8.340475524475522429e-01
8.317874125874125113e-01
8.325706293706293115e-01
8.378293706293706844e-01
8.332979020979022211e-01
8.331860139860139958e-01
8.282293706293706315e-01
8.260923076923076813e-01
8.304111888111888051e-01
8.312951048951049415e-01
8.310713286713287129e-01
8.325258741258740880e-01
8.267300699300699218e-01
8.309370629370629313e-01
8.335664335664335622e-01
8.396307692307691806e-01
8.342713286713285825e-01
8.327384615384615385e-01
8.256111888111887787e-01
8.337566433566433455e-01
8.349314685314686013e-01
8.397202797202796276e-01
8.262825174825174646e-01
8.320895104895105199e-01
8.285426573426571961e-01
8.329174825174825436e-01
8.287664335664335358e-01
8.242461538461538506e-01
8.386797202797202644e-01
8.232839160839161563e-01
8.314517482517481684e-01
8.246377622377621952e-01
8.372699300699300018e-01
8.266741258741259202e-01
8.292699300699299947e-01
8.225902097902099142e-01
8.317762237762238442e-01
8.320223776223776291e-01
8.278937062937063995e-01
8.260251748251749015e-01
8.174097902097900992e-01
8.346853146853145944e-01
8.254881118881118862e-01
8.150153846153846970e-01
8.169286713286714186e-01
8.359384615384614081e-01
8.300755244755244622e-01
8.264391608391609134e-01
8.215384615384615508e-01
8.309370629370628203e-01
8.280279720279719591e-01
8.210797202797203154e-01
8.225230769230768013e-01
8.294937062937062233e-01
8.101146853146852234e-01
8.246601398601399735e-01
8.211580419580419843e-01
7.971692307692306301e-01
8.180139860139860053e-01
8.262825174825173535e-01
8.256895104895105586e-01
8.188419580419580290e-01
7.843132867132867059e-01
8.177342657342656640e-01
8.171188811188812018e-01
8.313958041958041667e-01
8.245594405594405263e-01
8.339580419580419068e-01
8.288559440559440938e-01
8.334993006993007825e-01
7.883412587412585992e-01
7.963188811188810501e-01
7.890461538461539526e-01
7.909930069930068974e-01
7.922685314685316005e-01
7.824335664335664298e-01
7.904559440559438821e-01
7.927160839160840577e-01
7.929286713286713972e-01
7.863496503496504308e-01
7.929286713286712862e-01
7.971580419580419630e-01
7.758097902097902399e-01
7.933874125874126326e-01
7.837426573426572451e-01
7.986573426573426726e-01
8.393286713286712830e-01
8.283524475524475239e-01
8.267524475524474781e-01
8.310377622377622675e-01
8.216951048951048886e-01
8.412419580419580045e-01
8.372923076923077801e-01
8.293706293706293309e-01
8.319776223776224056e-01
8.420923076923075845e-01
8.313398601398600540e-01
8.319216783216782929e-01
8.297734265734263426e-01
8.253314685314685484e-01
8.340251748251747976e-01
8.323244755244754156e-01
8.366321678321677613e-01
8.359160839160839629e-01
8.380083916083915785e-01
8.337454545454545674e-01
8.322013986013987452e-01
8.297398601398600082e-01
8.354909090909090619e-01
8.330517482517483252e-01
8.370013986013986607e-01
8.309706293706294877e-01
8.326601398601398696e-01
8.364531468531468672e-01
8.381986013986013617e-01
8.387804195804196006e-01
8.337566433566432345e-01
8.345510489510490348e-01
8.242461538461538506e-01
8.355468531468531745e-01
8.329398601398600999e-01
8.375720279720280104e-01
8.317314685314685097e-01
8.358713286713286283e-01
8.323020979020979704e-01
8.361510489510490807e-01
8.296503496503496722e-01
8.335664335664335622e-01
8.399888111888111908e-01
8.351776223776223862e-01
8.318993006993007366e-01
8.385006993006992593e-01
8.310265734265734894e-01
8.359384615384615191e-01
8.294377622377622217e-01
8.318097902097902896e-01
8.297846153846153427e-01
8.310153846153847113e-01
8.360167832167832991e-01
8.334321678321677807e-01
8.333986013986014463e-01
8.353342657342657240e-01
8.369342657342657699e-01
8.402013986013986413e-01
8.338349650349650144e-01
8.318769230769230694e-01
8.328839160839160982e-01
8.316755244755245080e-01
8.291244755244755460e-01
8.330517482517483252e-01
8.289342657342657628e-01
8.282293706293705204e-01
8.388811188811189368e-01
8.316755244755245080e-01
8.298517482517482335e-01
8.294601398601400000e-01
8.297510489510488974e-01
8.256000000000001116e-01
8.227804195804194753e-01
8.337678321678322346e-01
8.318097902097900675e-01
8.268307692307692580e-01
8.404363636363636481e-01
8.258685314685314527e-01
8.379076923076922423e-01
8.235188811188811631e-01
8.313958041958042777e-01
8.201398601398600663e-01
8.324251748251747518e-01
8.259692307692307889e-01
8.177678321678322204e-01
8.231608391608390418e-01
8.279160839160839558e-01
8.207664335664336397e-01
8.238209790209789496e-01
8.277370629370628397e-01
8.161566433566433965e-01
8.301090909090909076e-01
8.293146853146854403e-01
8.273006993006992715e-01
8.363972027972026435e-01
8.257566433566433384e-01
8.230489510489511495e-01
8.238657342657341731e-01
8.105174825174825681e-01
8.290461538461537661e-01
8.197370629370629436e-01
8.364867132867133126e-01
7.793454545454544524e-01
8.110769230769230287e-01
8.239104895104893966e-01
8.297958041958042319e-01
8.256000000000000005e-01
7.214209790209790141e-01
7.940251748251747621e-01
8.210909090909090935e-01
8.271888111888110462e-01
8.279720279720279574e-01
