8.269538461538462615e-01
8.286545454545455325e-01
8.320447552447552964e-01
8.304783216783218069e-01
8.271552447552447118e-01
8.368223776223775445e-01
8.284531468531468601e-01
8.309482517482517094e-01
8.249286713286712036e-01
8.307356643356642589e-01
8.338125874125874581e-01
8.332083916083915520e-01
8.265174825174824713e-01
8.304895104895104740e-01
8.300307692307692387e-01
8.368783216783216572e-01
8.318881118881118475e-01
8.322349650349649686e-01
8.366433566433566504e-01
8.266181818181818075e-01
8.352447552447552770e-01
8.252307692307694342e-01
8.343608391608391406e-01
8.239440559440560641e-01
8.354573426573426165e-01
8.269202797202797051e-01
8.303216783216783581e-01
8.296615384615384503e-01
8.307804195804195935e-01
8.335999999999998966e-01
8.305342657342655865e-01
8.355132867132868402e-01
8.292251748251747712e-01
8.250293706293707618e-01
8.311048951048950473e-01
8.336223776223775639e-01
8.313958041958041667e-01
8.304111888111888051e-01
8.344839160839160330e-01
8.351552447552447189e-01
8.342265734265734700e-01
8.260363636363636797e-01
8.398433566433566311e-01
8.294377622377622217e-01
8.380979020979020255e-01
8.395188811188811773e-01
8.230713286713287058e-01
8.280839160839160717e-01
8.316531468531469518e-01
8.183496503496503482e-01
8.291804195804196587e-01
8.204867132867131874e-01
8.255888111888111114e-01
8.226573426573426939e-01
8.231384615384614856e-01
8.247720279720280878e-01
8.041398601398601631e-01
8.284643356643356382e-01
8.323356643356643048e-01
8.294713286713286671e-01
8.215720279720279962e-01
8.307916083916083716e-01
8.279496503496502902e-01
8.071832167832168059e-01
8.209342657342657557e-01
8.129006993006993032e-01
8.226349650349651377e-01
8.292923076923077730e-01
8.303104895104895800e-01
8.187860139860139164e-01
8.210797202797203154e-01
8.058853146853146576e-01
8.123188811188810643e-01
8.196811188811188309e-01
8.330293706293705469e-01
8.190321678321677012e-01
8.252979020979019920e-01
8.264279720279720243e-01
8.243916083916082993e-01
8.063664335664335603e-01
8.282629370629369658e-01
8.101370629370628906e-01
8.190209790209791452e-01
8.164923076923076284e-01
7.961846153846153795e-01
8.157874125874124971e-01
8.122517482517483955e-01
8.008167832167831790e-01
8.047104895104895128e-01
8.232503496503495999e-01
8.000671328671329352e-01
8.241678321678322927e-01
8.129006993006994142e-01
8.148923076923075826e-01
8.123300699300699534e-01
8.108867132867132455e-01
7.977286713286713127e-01
8.170517482517483110e-01
8.236867132867132790e-01
8.149930069930069187e-01
8.159328671328670568e-01
8.117258741258741583e-01
8.083020979020978380e-01
8.144223776223775690e-01
8.186741258741259131e-01
7.919664335664335919e-01
8.035020979020979226e-01
8.039496503496503799e-01
8.047664335664335145e-01
7.739188811188810746e-01
8.178909090909090018e-01
8.083580419580419507e-01
7.986461538461540055e-01
7.896951048951049712e-01
7.688391608391608179e-01
7.991832167832167988e-01
7.563300699300699037e-01
7.816391608391608514e-01
7.956699300699300315e-01
7.714909090909091161e-01
7.969790209790208468e-01
7.459356643356643835e-01
7.908251748251748925e-01
7.937006993006993083e-01
7.724195804195803650e-01
8.022937062937063324e-01
7.948307692307693406e-01
7.926825174825175013e-01
8.339468531468532397e-01
8.300979020979020184e-01
8.327384615384615385e-01
8.377958041958042390e-01
8.347300699300699289e-01
8.312167832167832726e-01
8.327720279720278729e-01
8.288671328671328720e-01
8.322461538461538577e-01
8.364979020979022017e-01
8.355916083916083981e-01
8.282853146853146331e-01
8.368447552447552118e-01
8.324027972027973066e-01
8.334265734265733361e-01
8.357034965034965124e-01
8.301650349650349092e-01
8.359944055944057428e-01
8.354013986013986148e-01
8.301762237762236873e-01
8.249958041958040944e-01
8.281286713286712953e-01
8.366769230769229848e-01
8.373930069930071163e-01
8.332755244755244428e-01
8.344279720279720314e-01
8.342265734265734700e-01
8.270881118881119320e-01
8.327944055944056512e-01
8.342601398601399154e-01
8.283972027972026364e-01
8.311160839160839364e-01
8.320895104895105199e-01
8.244363636363636338e-01
8.358489510489510721e-01
8.336223776223775639e-01
8.273454545454543840e-01
8.313846153846153886e-01
8.322573426573426358e-01
8.307132867132867027e-01
8.322685314685314140e-01
8.350209790209789373e-01
8.236419580419580555e-01
8.331300699300699941e-01
8.341258741258740228e-01
8.330181818181817688e-01
8.343720279720280297e-01
8.308027972027971497e-01
8.280391608391608482e-01
8.322013986013985232e-01
8.321006993006994090e-01
8.282629370629370769e-01
8.246825174825175297e-01
8.266069930069930294e-01
8.319104895104894037e-01
8.275468531468531674e-01
8.301090909090909076e-01
8.295720279720280033e-01
8.299524475524475697e-01
8.286209790209790871e-01
8.352783216783217224e-01
8.297398601398601192e-01
8.249790209790209827e-01
8.322909090909091923e-01
8.219860139860141190e-01
8.306685314685313681e-01
8.250741258741258743e-01
8.221986013986013475e-01
8.252867132867132138e-01
8.293370629370629965e-01
8.312951048951048305e-01
8.222769230769230164e-01
8.291244755244755460e-01
8.309370629370629313e-01
8.176783216783216623e-01
8.314965034965035029e-01
8.305118881118880303e-01
8.209902097902096463e-01
8.241006993006994019e-01
8.300419580419580168e-01
8.141314685314685606e-01
8.178237762237762221e-01
8.202965034965035152e-01
8.233846153846153815e-01
8.210573426573425371e-01
8.264615384615384697e-01
8.105062937062936790e-01
8.165370629370629629e-01
8.230377622377622604e-01
8.090405594405594147e-01
8.014545454545455305e-01
8.077762237762238229e-01
8.149034965034964717e-01
8.226013986013984702e-01
8.126881118881119637e-01
7.708083916083916520e-01
8.056503496503497619e-01
8.026517482517483426e-01
8.115132867132868189e-01
8.043748251748252809e-01
8.046545454545455112e-01
8.083692307692307288e-01
8.219524475524475626e-01
8.151272727272727003e-01
8.117706293706293819e-01
8.180475524475524507e-01
8.069482517482516881e-01
8.059188811188811030e-01
8.040615384615383832e-01
8.168839160839160840e-01
8.139636363636364447e-01
8.075860139860138176e-01
7.674181818181817771e-01
8.037034965034965950e-01
7.828363636363636635e-01
8.039384615384614907e-01
7.897510489510490839e-01
7.909594405594405631e-01
8.036587412587412604e-01
8.096671328671328771e-01
8.227244755244755847e-01
7.959608391608390399e-01
7.927384615384616140e-01
7.975720279720278638e-01
8.062433566433566678e-01
7.658853146853146221e-01
7.633230769230769930e-01
8.127440559440559653e-01
8.379076923076922423e-01
8.321790209790210779e-01
8.304447552447552505e-01
8.333090909090909992e-01
8.305566433566432538e-01
8.322797202797203031e-01
8.344727272727272549e-01
8.345398601398602567e-01
8.317762237762238442e-01
8.356139860139859543e-01
8.292251748251748822e-01
8.308251748251747060e-01
8.330965034965035487e-01
8.319888111888112947e-01
8.372251748251748893e-01
8.313286713286713869e-01
8.312727272727271632e-01
8.352783216783217224e-01
8.362181818181817494e-01
8.349202797202797122e-01
8.439048951048950808e-01
8.274125874125874969e-01
8.273342657342657169e-01
8.327832167832167620e-01
8.371916083916084439e-01
8.336223776223776749e-01
8.370349650349648840e-01
8.314629370629370575e-01
8.326825174825176479e-01
8.316755244755245080e-01
8.381986013986012507e-01
8.353566433566433913e-01
8.328279720279720966e-01
8.340475524475523539e-01
8.328503496503496528e-01
8.329734265734264342e-01
8.298405594405593444e-01
8.340587412587412430e-01
8.297062937062937849e-01
8.331748251748251066e-01
8.336895104895105657e-01
8.329622377622376561e-01
8.339468531468531287e-01
8.339132867132867943e-01
8.318433566433566240e-01
8.356699300699300670e-01
8.306237762237761446e-01
8.330069930069931017e-01
8.283748251748253022e-01
8.314965034965036139e-01
8.301538461538460201e-01
8.346517482517483710e-01
8.330069930069931017e-01
8.253314685314685484e-01
8.320671328671327416e-01
8.325482517482517553e-01
8.368783216783215462e-01
8.326153846153845350e-01
8.282517482517482987e-01
8.248503496503497567e-01
8.279720279720279574e-01
8.360391608391608553e-01
8.339580419580419068e-01
8.284979020979019726e-01
8.262937062937063537e-01
8.278153846153846196e-01
8.230601398601398166e-01
8.277034965034965053e-01
8.282517482517481877e-01
8.333090909090908882e-01
8.255664335664334441e-01
8.290013986013986536e-01
8.283860139860138583e-01
8.312839160839160524e-01
8.274237762237761640e-01
8.258237762237761181e-01
8.256335664335663349e-01
8.215720279720279962e-01
8.307468531468531481e-01
8.320559440559440745e-01
8.262489510489510192e-01
8.220307692307692315e-01
8.275916083916083910e-01
8.232727272727272672e-01
8.258685314685314527e-01
8.215720279720279962e-01
8.262601398601399083e-01
8.302769230769231346e-01
8.291916083916083258e-01
8.293370629370628855e-01
8.236307692307691664e-01
8.195020979020979368e-01
8.190993006993007031e-01
8.216391608391607759e-01
8.246377622377621952e-01
8.215160839160839945e-01
8.113118881118879244e-01
8.180587412587413398e-01
8.037258741258739292e-01
8.137734265734265504e-01
8.203636363636364059e-01
8.019132867132866549e-01
8.132811188811187586e-01
8.139300699300699993e-01
8.175664335664335480e-01
8.229482517482517023e-01
8.173090909090908740e-01
8.137286713286713269e-01
8.156419580419580484e-01
8.172307692307690941e-01
8.143104895104894547e-01
8.062657342657342241e-01
8.055048951048950912e-01
8.177790209790208875e-01
8.046545454545455112e-01
8.159440559440559460e-01
8.127888111888111888e-01
8.154293706293705979e-01
8.246041958041958608e-01
7.955580419580419171e-01
7.757986013986013507e-01
7.893930069930070736e-01
8.116027972027971549e-01
8.034013986013985864e-01
8.108755244755244673e-01
8.025958041958042299e-01
7.897286713286713056e-01
8.039496503496503799e-01
