6.869346565938649896e-01
6.487833643008933393e-01
6.967255977480835138e-01
7.020438589659430129e-01
7.046362331579121285e-01
7.096540904994493859e-01
6.957131254241814000e-01
6.792131643654246709e-01
6.445999621713636163e-01
7.095873340824885300e-01
6.757307046139811035e-01
6.999632839706716458e-01
7.016544465336731484e-01
6.962916810378396715e-01
7.079740540059413778e-01
6.768544376328173851e-01
7.165077493074021309e-01
7.450238654190632914e-01
7.333526185204553016e-01
7.525228362576352747e-01
7.383704758619922259e-01
7.401617730504344017e-01
7.499749663436396929e-01
7.431658118136605928e-01
7.229831217525785059e-01
7.318394730693488226e-01
6.676754303007376157e-01
7.511543297099433358e-01
7.463033634108079406e-01
7.348768900410551641e-01
7.344207211918245548e-01
7.427652733118971229e-01
7.289466950010570212e-01
7.400171341470198616e-01
7.506091523047652148e-01
7.637490403765060387e-01
7.374136338855572514e-01
7.573738025567706700e-01
7.573181722093036417e-01
7.291024599739650558e-01
7.699017568063730721e-01
7.552932275614994140e-01
7.552598493530191526e-01
7.611789183235239120e-01
7.484284426840529525e-01
7.140155097408737994e-01
7.369240868278463807e-01
7.537467039019125625e-01
7.428097775898707678e-01
7.525673405356090306e-01
7.648060169783820195e-01
7.096095862214755190e-01
7.107555713792989005e-01
7.523670712847273512e-01
7.264878336430089512e-01
7.230387521000456452e-01
7.459584552565114990e-01
7.360896316158390684e-01
7.374581381635310073e-01
7.526452230220630479e-01
7.337754091612056495e-01
7.375248945804915301e-01
7.167080185582840324e-01
7.553043536309927974e-01
7.444230576664181420e-01
7.420532048643175838e-01
7.410296064709220865e-01
7.549483194072030834e-01
7.585754180620611908e-01
7.532460307747081973e-01
7.397389824096841648e-01
7.253974788326528200e-01
7.378141723873207214e-01
7.174868434228238723e-01
7.524894580491549023e-01
7.450127393495700190e-01
7.531236440102805352e-01
7.566728601786847364e-01
7.601553199301283037e-01
7.495299235639025781e-01
7.295029984757284147e-01
7.125023642897674314e-01
7.398391170351250601e-01
7.319618598337764848e-01
7.441782841375625956e-01
7.223489357914529840e-01
7.209581771047741672e-01
7.285127782908131788e-01
7.255754959445477326e-01
7.418418095439424098e-01
7.348323857630814082e-01
7.283125090399313883e-01
7.713036415625450504e-01
7.382703412365513307e-01
7.322733897795925539e-01
7.274724907931775508e-01
7.427763993813906174e-01
7.332302317560275284e-01
7.412966321387643998e-01
7.160515804581715216e-01
7.334861313543763472e-01
7.157289244428620689e-01
7.229719956830851224e-01
7.298812848385051177e-01
7.309382614403808764e-01
7.323401461965530768e-01
7.295586288231956651e-01
7.242626197443229330e-01
6.618898741641540129e-01
7.047474938528466293e-01
7.054929405089064298e-01
7.376027770669455474e-01
6.796137028671880298e-01
7.117569176337075199e-01
7.150391081342695188e-01
7.252639659987316634e-01
7.252750920682251579e-01
7.015765640472191311e-01
7.065276649717953106e-01
7.426651386864562276e-01
7.318394730693488226e-01
7.055596969258670637e-01
7.186662067891276262e-01
7.225770202160681777e-01
7.247744189410207927e-01
7.191223756383581245e-01
7.164187407514548411e-01
7.221820447490514550e-01
7.079295497279676219e-01
6.805705448436231153e-01
6.957576297021550449e-01
6.927202127304487034e-01
6.936881807763770613e-01
6.966810934701097580e-01
6.956908732851945221e-01
6.823952202405455525e-01
6.976379354465448435e-01
7.002525617775008371e-01
6.911625630013684685e-01
7.058378486632027604e-01
6.951568219495098955e-01
7.085303574806128823e-01
7.022107500083444309e-01
7.072842376973486056e-01
7.549371933377095889e-01
7.363232790752010093e-01
7.444230576664181420e-01
7.385373669043937550e-01
7.451017479055174197e-01
7.422423480457058798e-01
7.486287119349346320e-01
7.464034980362488358e-01
7.383593497924989535e-01
7.475161049855916229e-01
7.481725430857041337e-01
7.523003148677666063e-01
7.506759087217259596e-01
7.423536087406401585e-01
7.471155664838282640e-01
7.396722259927235310e-01
7.438333759832663761e-01
7.600106810267137636e-01
7.646947562834477408e-01
7.629368373034857154e-01
7.645278652410463227e-01
7.637156621680258883e-01
7.676987950466738209e-01
7.407403286640927842e-01
7.476051135415393567e-01
7.451796303919713260e-01
7.533461654001490926e-01
7.525562144661155362e-01
7.604334716674640005e-01
7.518886502965097529e-01
7.550373279631504841e-01
7.469598015109202294e-01
7.343094604968902761e-01
7.689004105519643417e-01
7.348101336240946413e-01
7.444230576664180310e-01
7.249746881919024721e-01
7.378475505958010938e-01
7.435440981764371848e-01
7.372578689126492169e-01
7.467372801210516720e-01
7.717375582727888927e-01
7.518663981575228750e-01
7.286685432637212134e-01
7.612234226014975569e-01
7.549928236851767283e-01
7.356890931140755985e-01
7.612568008099778183e-01
7.611121619065632782e-01
7.277339534262730059e-01
7.340090566205677014e-01
7.293472335028203801e-01
7.612568008099778183e-01
7.659742542751921679e-01
7.442672926935102184e-01
7.645278652410463227e-01
7.369240868278462697e-01
7.288131821671359756e-01
7.490403765061915964e-01
7.531570222187607966e-01
7.538245863883665798e-01
7.164854971684153639e-01
7.631927369018347562e-01
7.594877557605225205e-01
7.430322989797394362e-01
7.272444063685622462e-01
7.230943824475126736e-01
7.405178072742243378e-01
7.583528966721925224e-01
7.416749185015409918e-01
7.338532916476596668e-01
7.359338666429310338e-01
7.346877468596670901e-01
7.269106242837592990e-01
7.399169995215789664e-01
7.242737458138164275e-01
7.331078449915998663e-01
7.355555802801544418e-01
7.480835345297566219e-01
7.278118359127272452e-01
7.227049700152426981e-01
7.324069026135138216e-01
7.031898441237663944e-01
7.402174033979016521e-01
7.157511765818489469e-01
7.281233658585432034e-01
7.256088741530279940e-01
7.201014697537800879e-01
7.364567919091222770e-01
7.372356167736624499e-01
7.316837080964408990e-01
7.356668409750887205e-01
7.243293761612834558e-01
7.261985558361797599e-01
7.415080274591394627e-01
7.263543208090877945e-01
7.283903915263854056e-01
7.343762169138507989e-01
7.092424259281923105e-01
7.102548982520944243e-01
7.301594365758408145e-01
6.980384739483083134e-01
7.324402808219939720e-01
7.315724474015065093e-01
7.154285205665396052e-01
7.238287030340790906e-01
7.132033066678534761e-01
7.332302317560275284e-01
7.074177505312698733e-01
7.236284337831973001e-01
7.327073064898363963e-01
7.317615905828948053e-01
7.113007487844769106e-01
7.081186929093559179e-01
7.110225970471411028e-01
6.985168949365256896e-01
7.056042012038407085e-01
7.041021818222277240e-01
7.015543119082321422e-01
7.119794390235760773e-01
6.828068848118025169e-01
7.124467339423001810e-01
6.573615638803279593e-01
7.000077882486454017e-01
7.138708708374591483e-01
6.874019515125890933e-01
7.062717653734466028e-01
6.933321465525873473e-01
7.602220763470889375e-01
7.591205954672393119e-01
7.470376839973742467e-01
7.457248077971494471e-01
7.631371065543675059e-01
7.425983822694957048e-01
7.486843422824019934e-01
7.483171819891187848e-01
7.459695813260049935e-01
7.518552720880294915e-01
7.427430211729102449e-01
7.357558495310361213e-01
7.469264233024399680e-01
7.527453576475038322e-01
7.425316258525350710e-01
7.419419441693833051e-01
7.564837169972964404e-01
7.516995071151213459e-01
7.535130564425505106e-01
7.660632628311396797e-01
7.663080363599951150e-01
7.641162006697894693e-01
7.630147197899398437e-01
7.688447802044970913e-01
7.494965453554223167e-01
7.636489057510653655e-01
7.526229708830761700e-01
7.683218549383059592e-01
7.555936314378219887e-01
7.571735333058889905e-01
7.578522235449882682e-01
7.564058345108423120e-01
7.331968535475470450e-01
7.535353085815374996e-01
7.584530312976334177e-01
7.620690038829982527e-01
7.459807073954983769e-01
7.624250381067878557e-01
7.650952947852112107e-01
7.591317215367328064e-01
7.637267882375192718e-01
7.566394819702043639e-01
7.463478676887814744e-01
7.575518196686656935e-01
7.649395298123033982e-01
7.494631671469419443e-01
7.261206733497256316e-01
7.413633885557249226e-01
7.637267882375193828e-01
7.244628889952047235e-01
7.360006230598916677e-01
7.179541383415480871e-01
7.600774374436742864e-01
7.371466082177149381e-01
7.631371065543675059e-01
7.646279998664871069e-01
7.270552631871738392e-01
7.490737547146719688e-01
7.421310873507714900e-01
7.441894102070560901e-01
7.435440981764371848e-01
7.341759476629690084e-01
7.318617252083357005e-01
7.472157011092691592e-01
7.427096429644299835e-01
7.388377707807162187e-01
7.211695724251493411e-01
7.394608306723484681e-01
7.629368373034858264e-01
7.290245774875110385e-01
7.304598404521633892e-01
7.319729859032699792e-01
7.123799775253396582e-01
7.286796693332147079e-01
7.303930840352028664e-01
7.559274135226249358e-01
7.354554456547135466e-01
7.540248556392483703e-01
7.214699763014720268e-01
7.459362031175247321e-01
7.347433772071340075e-01
7.189888628044370789e-01
7.203684954216224012e-01
7.189443585264634340e-01
7.319729859032698682e-01
7.339534262731004510e-01
7.145495610765584260e-01
7.223823139999332454e-01
7.375693988584652860e-01
7.444119315969246475e-01
7.321287508761779028e-01
7.334416270764025914e-01
7.309382614403809875e-01
7.372801210516359838e-01
7.214365980929917654e-01
7.081520711178361793e-01
7.357669756005295048e-01
7.351439157088974774e-01
7.340869391070217187e-01
7.243182500917899613e-01
7.210694377997084459e-01
7.186773328586211207e-01
7.334416270764027024e-01
7.341759476629690084e-01
7.376027770669457695e-01
7.327406846983166577e-01
7.324291547525003665e-01
7.457025556581626802e-01
7.274446756194438146e-01
7.368907086193660083e-01
7.299480412554657516e-01
7.195006620011348275e-01
