7.344207211918245548e-01
7.407180765251060173e-01
7.595322600384961653e-01
7.381924587500974244e-01
7.390046618231176367e-01
7.286907954027082024e-01
7.496634363978237348e-01
7.311496567607560504e-01
7.416526663625541138e-01
7.588201915909168482e-01
7.490960068536588468e-01
7.479277695568486983e-01
7.260984212107388647e-01
7.566839862481780088e-01
7.277005752177928555e-01
7.376806595533995647e-01
7.442005362765495846e-01
7.557160182022497619e-01
7.489179897417639342e-01
7.417528009879950091e-01
7.347099989986537460e-01
7.467817843990252058e-01
7.549483194072030834e-01
7.607895058912537145e-01
7.146608217714928157e-01
7.559719178005985807e-01
7.491516372011259861e-01
7.342315780104363698e-01
7.217036237608339677e-01
7.462254809243538123e-01
7.356112106276215812e-01
7.534351739560964933e-01
7.560052960090788421e-01
7.531347700797739186e-01
7.480835345297566219e-01
7.550929583106175125e-01
7.566172298312174860e-01
7.459250770480312376e-01
7.472045750397757757e-01
7.397056042012037924e-01
7.596212685944436771e-01
7.516216246286674396e-01
7.162852279175335735e-01
7.631704847628478783e-01
7.390714182400783816e-01
7.554044882564336927e-01
7.354999499326873025e-01
7.491627632706193696e-01
7.432993246475816385e-01
7.223823139999332454e-01
7.251193270953170122e-01
7.505980262352719423e-01
7.198789483639115305e-01
7.212363288421099750e-01
7.288243082366293590e-01
7.391715528655192768e-01
7.265434639904762015e-01
7.299035369774918847e-01
7.439335106087071603e-01
6.829515237152170570e-01
7.411297410963628707e-01
7.135482148221498067e-01
7.253641006241724476e-01
7.457025556581626802e-01
7.114676398268784396e-01
7.262430601141535158e-01
7.352329242648449892e-01
7.216813716218472008e-01
7.243405022307769503e-01
7.215589848574194276e-01
7.257646391259360286e-01
7.219929015676631590e-01
7.249524360529155942e-01
6.994737369129607751e-01
7.241958633273624102e-01
7.455022864072811117e-01
7.013985469353241076e-01
7.254976134580937153e-01
6.903169817198677727e-01
7.304820925911503782e-01
7.181989118704036335e-01
7.100323768622258669e-01
7.404232356835300788e-01
7.308270007454465977e-01
7.047697459918335072e-01
7.202016043792209832e-01
7.390491661010913926e-01
7.262096819056732544e-01
7.259315301683373356e-01
7.319841119727632517e-01
6.978715829059067843e-01
7.249524360529155942e-01
7.166857664192970434e-01
7.322400115711122925e-01
7.049811413122086812e-01
7.263765729480746725e-01
6.183201860278819684e-01
7.167413967667641828e-01
7.253195963461988027e-01
7.162407236395598176e-01
7.146274435630124433e-01
7.069949598905194144e-01
7.195229141401217055e-01
6.748294929850131574e-01
7.147720824664272055e-01
7.064497824853414043e-01
7.236951902001580450e-01
7.407959590115600346e-01
7.238453921383193324e-01
6.992289633841053398e-01
7.183324247043246791e-01
6.927424648694355813e-01
7.041021818222276130e-01
6.774107411074888896e-01
6.944892577799040012e-01
6.988506770213287478e-01
7.078516672415134936e-01
5.651486999187796956e-01
6.798918546045238376e-01
7.223044315134792281e-01
6.021985113319017202e-01
7.074400026702567512e-01
7.310050178573415103e-01
7.052926712580247504e-01
7.029450705949109590e-01
6.687769111805872413e-01
6.784343395008844979e-01
7.375248945804915301e-01
7.638380489324536615e-01
7.607450016132800696e-01
7.264099511565549339e-01
7.542362509596235443e-01
7.687446455790564181e-01
7.509206822505813950e-01
7.582638881162452327e-01
7.671758697804825777e-01
7.461921027158735509e-01
7.592429822316669741e-01
7.601775720691150706e-01
7.549260672682160944e-01
7.599105464012728683e-01
7.502308659419886228e-01
7.479277695568486983e-01
7.610787836980829058e-01
7.632483672493020066e-01
7.498748317181989087e-01
7.531013918712936572e-01
7.469598015109202294e-01
7.629813415814594713e-01
7.556937660632627729e-01
7.530568875933199013e-01
7.560609263565460925e-01
7.624806684542552171e-01
7.582527620467518492e-01
7.487733508383493941e-01
7.541917466816497884e-01
7.567841208736189040e-01
7.635153929171440979e-01
7.564503387888160679e-01
7.435774763849175573e-01
7.454021517818399944e-01
7.541027381257021656e-01
7.640828224613089859e-01
7.511988339879172027e-01
7.609230187251748712e-01
7.584530312976335287e-01
7.457025556581626802e-01
7.617463478676888000e-01
7.489402418807508122e-01
7.494186628689682994e-01
7.546701676698672756e-01
7.460474638124588997e-01
7.553822361174467037e-01
7.570956508194350842e-01
7.460363377429655163e-01
7.472935835957231765e-01
7.341091912460084856e-01
7.401728991199278962e-01
7.341091912460084856e-01
7.275003059669111760e-01
7.394163263943746012e-01
7.384817365569265046e-01
7.380700719856697622e-01
7.420309527253305948e-01
7.282012483449971096e-01
7.630703501374069830e-01
7.504200091233770298e-01
7.493407803825142821e-01
7.589982087028115387e-01
7.472935835957232875e-01
7.280232312331023081e-01
7.337309048832318936e-01
7.278785923296877680e-01
6.837080964407704631e-01
7.403286640928359308e-01
7.335306356323502142e-01
7.361786401717864692e-01
7.431769378831540873e-01
7.358114798785034827e-01
7.251304531648105067e-01
7.430990553966999590e-01
7.299591673249591350e-01
7.254531091801198484e-01
7.314166824285984747e-01
7.390046618231177478e-01
7.328741975322377034e-01
7.257535130564425341e-01
7.392716874909600611e-01
7.325849197254085121e-01
7.308158746759532143e-01
7.348212596935880248e-01
6.986392817009534628e-01
7.125913728457147212e-01
7.256756305699885168e-01
7.102326461131076574e-01
7.396610999232300365e-01
7.123688514558461637e-01
7.331634753390670056e-01
7.139265011849263987e-01
7.322400115711121815e-01
7.216368673438734449e-01
7.351550417783909719e-01
7.157400505123554524e-01
7.284905261518264119e-01
6.994181065654936358e-01
7.201793522402339942e-01
7.417194227795147476e-01
7.076291458516450472e-01
7.151392427597103030e-01
7.340646869680347297e-01
7.136817276560709633e-01
7.369908432448070146e-01
7.133368195017746327e-01
7.205131343250370524e-01
7.221820447490514550e-01
7.307602443284860749e-01
7.125691207067280653e-01
7.380923241246561961e-01
7.059268572191501612e-01
7.363900354921615321e-01
7.329743321576785986e-01
6.904171163453085569e-01
7.046696113663926120e-01
7.172643220329554259e-01
7.255866220140411160e-01
6.977825743499592726e-01
7.298034023520511004e-01
6.980607260872950803e-01
6.869124044548782226e-01
6.874909600685366051e-01
7.173422045194094432e-01
7.033456090966744290e-01
7.191001234993713576e-01
7.203017390046618784e-01
6.963028071073331660e-01
7.077849108245529708e-01
7.583083923942188775e-01
7.606114887793589130e-01
7.579189799619489021e-01
7.644277306156053164e-01
7.595433861079896598e-01
7.591984779536933292e-01
7.611010358370698947e-01
7.586310484095283302e-01
7.581860056297912154e-01
7.563168259548949113e-01
7.530457615238265179e-01
7.592763604401473465e-01
7.750865051903115255e-01
7.541917466816496773e-01
7.643275959901646432e-01
7.578522235449882682e-01
7.578967278229619131e-01
7.512878425438646035e-01
7.662635320820213591e-01
7.539135949443140916e-01
7.512099600574104752e-01
7.522780627287798394e-01
7.588758219383837655e-01
7.586866787569955806e-01
7.495855539113698285e-01
7.466593976345976547e-01
7.503087484284427511e-01
7.481725430857041337e-01
7.442784187630037129e-01
7.626920637746303910e-01
7.646279998664872180e-01
7.666084402363178008e-01
7.565504734142569632e-01
7.627476941220974194e-01
7.634041322222098191e-01
7.551040843801110070e-01
7.627254419831106524e-01
7.584641573671270232e-01
7.525339623271286582e-01
7.500751009690805882e-01
7.582527620467517382e-01
7.663080363599950040e-01
7.671647437109891943e-01
7.461030941599260391e-01
7.634486365001837971e-01
7.566172298312174860e-01
7.519109024354965198e-01
7.545589069749329969e-01
7.443229230409773578e-01
7.433549549950488888e-01
7.323067679880728154e-01
7.353441849597792679e-01
7.565504734142569632e-01
7.283013829704381159e-01
7.266324725464234913e-01
7.409962282624418251e-01
7.397612345486710428e-01
7.441894102070562012e-01
7.538690906663403357e-01
7.400505123555001230e-01
7.649172776733162982e-01
7.639270574884011733e-01
7.490515025756850909e-01
7.539358470833009696e-01
7.293472335028203801e-01
7.280121051636090357e-01
7.408738414980140519e-01
7.301483105063473200e-01
7.517662635320820907e-01
7.264878336430088401e-01
7.299146630469852681e-01
7.400505123555001230e-01
7.449571090021027686e-01
7.299591673249592461e-01
7.417750531269817760e-01
7.304820925911503782e-01
7.270663892566673336e-01
7.246186539681126471e-01
7.417416749185015146e-01
7.305933532860846569e-01
7.374247599550505239e-01
7.340646869680349518e-01
7.316503298879604156e-01
7.333859967289355630e-01
7.247744189410207927e-01
7.246075278986192636e-01
7.284905261518263009e-01
7.389156532671703470e-01
7.170306745735933740e-01
7.372022385651819665e-01
7.169416660176459732e-01
7.303263276182423436e-01
7.381257023331366796e-01
7.054039319529588070e-01
7.347211250681471295e-01
7.275781884533649713e-01
7.315056909845458755e-01
7.227272221542295760e-01
7.291692163909255786e-01
7.100323768622257559e-01
7.108000756572725454e-01
7.282457526229710876e-01
7.156399158869146682e-01
7.231833910034601853e-01
6.973041533617418963e-01
7.185438200246998530e-01
7.254753613191067263e-01
7.282346265534774821e-01
7.245852757596324967e-01
7.173088263109290708e-01
7.243293761612834558e-01
7.215923630658995780e-01
7.300036716029327799e-01
7.018213375760745665e-01
7.158401851377963476e-01
7.301594365758409255e-01
7.229052392661243776e-01
7.203684954216224012e-01
7.208135382013596271e-01
7.234281645323157317e-01
7.038351561543852997e-01
7.167859010447378276e-01
7.148277128138942338e-01
7.159403197632371318e-01
7.149612256478155015e-01
7.000300403876322797e-01
7.188776021095028002e-01
7.200124611978325762e-01
