5.930313976104473195e-01
5.811169769380384320e-01
6.215059738816337553e-01
6.508363434287303129e-01
6.043011947763267111e-01
6.421116976938038290e-01
6.563045290358432426e-01
5.998999722145040847e-01
6.005223673242567894e-01
5.620338983050847670e-01
5.813837176993609246e-01
6.517143651014170036e-01
5.648235621005834872e-01
6.224284523478744724e-01
5.313698249513754135e-01
6.452347874409557482e-01
7.140094470686302319e-01
7.236787996665738909e-01
7.173437065851625549e-01
6.944373437065851640e-01
6.820450125034731581e-01
6.924145595998888458e-01
7.131425395943317147e-01
7.288913587107528347e-01
6.487579883300917949e-01
7.215393164767991419e-01
6.849347040844678824e-01
7.113864962489580002e-01
6.836565712697971753e-01
6.958377327035287774e-01
6.822117254792997576e-01
7.174103917754931503e-01
7.641678243956654404e-01
7.062072797999443541e-01
6.958599611003055685e-01
7.587218671853293017e-01
7.134315087524312204e-01
7.540094470686302675e-01
7.553098082800777657e-01
7.314476243400944711e-01
7.488080022228397192e-01
6.895470964156711347e-01
7.368268963601000143e-01
7.112531258682968094e-01
7.246568491247568078e-01
7.530313976104473506e-01
7.433953876076688783e-01
7.016838010558488214e-01
7.257238121700473332e-01
7.381383717699361302e-01
7.139872186718533298e-01
7.610669630452904233e-01
7.389497082522924476e-01
7.192442345095859668e-01
7.594220616838012194e-01
7.091414281744929937e-01
7.556988052236732756e-01
7.447624340094469719e-01
7.617338149485967103e-01
7.547652125590441630e-01
7.474742984162267012e-01
7.377716032231176335e-01
7.147429841622673363e-01
7.451180883578771841e-01
7.577549319255350024e-01
7.460739094192830878e-01
7.469185884968045919e-01
7.461961656015559941e-01
7.336815782161711930e-01
7.542650736315643645e-01
7.523200889135871483e-01
7.549763823284245667e-01
7.499305362600723335e-01
7.544206724090025684e-01
6.693414837454849664e-01
7.548207835509863628e-01
7.399499861072520446e-01
7.371492081133648178e-01
7.435732147818838733e-01
7.681244790219503571e-01
7.567991108641289877e-01
7.524201166990829304e-01
7.347929980550153006e-01
7.041400388996942317e-01
7.248457904973605315e-01
6.879133092525702153e-01
7.453626007224228855e-01
7.720811336482357179e-01
7.482078355098638056e-01
7.475743262017227053e-01
7.432509030286191809e-01
7.611003056404557210e-01
7.336815782161711930e-01
7.093525979438731754e-01
7.600333425951653066e-01
7.509419283134204370e-01
7.486746318421781954e-01
6.894692970269519217e-01
7.208335648791330819e-01
6.882356210058349077e-01
7.210336204501250901e-01
6.082356210058349477e-01
6.797666018338427429e-01
7.364490136148931221e-01
7.041956098916364315e-01
7.455181994998609785e-01
7.402056126701861416e-01
7.460294526257293946e-01
7.206446235065295802e-01
7.384384551264241425e-01
7.154542928591276496e-01
7.511530980828007298e-01
6.957265907196443777e-01
7.259238677410391194e-01
7.280355654348429351e-01
4.867574326201722368e-01
6.837121422617393751e-01
7.238455126424007124e-01
7.271575437621561333e-01
7.353820505696027077e-01
7.325701583773269743e-01
7.543873298138372707e-01
7.198110586273964717e-01
7.358933036954709017e-01
6.339649902750763566e-01
7.197332592386775918e-01
6.674298416226729369e-01
6.439344262295081389e-01
6.295637677132537302e-01
6.415671019727702262e-01
6.239733259238676721e-01
6.450236176715753444e-01
6.366323978883022816e-01
6.274187274242846168e-01
6.430897471519866349e-01
6.210502917477076501e-01
6.614170602945261823e-01
6.213614893025840580e-01
6.426896360100027294e-01
6.504806890803001007e-01
6.065796054459571263e-01
6.566935259794387525e-01
6.057571547652125243e-01
6.234065018060572783e-01
7.212447902195053828e-01
7.259460961378161326e-01
7.338816337871630902e-01
6.972492358988607863e-01
7.280022228396776374e-01
7.017838288413448256e-01
7.025173659349819300e-01
7.229008057793832043e-01
6.852903584328980946e-01
7.114309530425118044e-01
7.264128924701307444e-01
7.244123367602112173e-01
7.389608224506807321e-01
7.187440955821060573e-01
7.212670186162821739e-01
7.137204779105307262e-01
7.350375104195610021e-01
7.408168935815503398e-01
7.494192831342039174e-01
7.319699916643512827e-01
7.645679355376493458e-01
7.603667685468186166e-01
7.373492636843568260e-01
7.571992220061127821e-01
7.361933870519589140e-01
7.373159210891915283e-01
7.417616004445680700e-01
7.414059460961378578e-01
7.088746874131703901e-01
7.135426507363156201e-01
7.273464851347597460e-01
7.499416504584606180e-01
7.596999166435121076e-01
7.524090025006945348e-01
7.342928591275355021e-01
7.379938871908864328e-01
7.625229230341761255e-01
7.443400944706862754e-01
7.657460405668241599e-01
7.441844956932480715e-01
7.490969713809390029e-01
7.423506529591552550e-01
7.612892470130592226e-01
7.559877743817726703e-01
7.250347318699638111e-01
7.401000277854961062e-01
7.542428452347873513e-01
6.836121144762433710e-01
7.592886913031398066e-01
7.459405390386217860e-01
7.676465684912475718e-01
7.547874409558210651e-01
7.747707696582384340e-01
7.465295915532091930e-01
7.533092525701583497e-01
7.473409280355653994e-01
7.497360377882745786e-01
7.488191164212281148e-01
7.372270075020839197e-01
7.471297582661849956e-01
7.552320088913586638e-01
7.603556543484299990e-01
7.646679633231453499e-01
7.541317032509029517e-01
7.211669908307863919e-01
7.411392053348152542e-01
7.590108363434286964e-01
7.335815504306752999e-01
7.553209224784661613e-01
7.426396221172546497e-01
7.511975548763546451e-01
7.564323423173102690e-01
7.258460683523200174e-01
7.657682689636009510e-01
7.541317032509031737e-01
7.175771047513198608e-01
7.548985829397054648e-01
7.459071964434564883e-01
7.438510697415947615e-01
7.338149485968323837e-01
7.546540705751597633e-01
7.356376771325368047e-01
7.604667963323146207e-01
7.559655459849958792e-01
7.557766046123923775e-01
7.435954431786607755e-01
7.659349819394276615e-01
7.538538482911920635e-01
7.446624062239510788e-01
7.353598221728259166e-01
7.445568213392608214e-01
7.540983606557377650e-01
7.414837454848569598e-01
7.535648791330925578e-01
7.445512642400666792e-01
7.513753820505695291e-01
6.648068908030008162e-01
7.079522089469296731e-01
7.293581550430674465e-01
7.123645457071408060e-01
7.253348152264518234e-01
7.580105584884688774e-01
7.295915532092247524e-01
7.415948874687412484e-01
7.525757154765213564e-01
7.408057793831619442e-01
7.000722422895249153e-01
6.662295081967213317e-01
7.610447346485136322e-01
7.172881355932203551e-01
7.293692692414559531e-01
6.223951097527091747e-01
6.359544317866073770e-01
6.624062239510974948e-01
6.384217838288414049e-01
5.910641844956933122e-01
6.321422617393719356e-01
6.440344540150041430e-01
6.117032509030286835e-01
6.420227841066962204e-01
6.475909974993052654e-01
6.401778271742151194e-01
6.354987496526812718e-01
6.129869408168936440e-01
6.147707696582384029e-01
6.223395387607668638e-01
6.295859961100305213e-01
6.313642678521812490e-01
6.867018616282301036e-01
6.939038621839399568e-01
7.070964156710196624e-01
7.280355654348430461e-01
7.269463739927757295e-01
7.269241455959988274e-01
7.146651847735482344e-01
7.085746040566823778e-01
7.235898860794665044e-01
7.056849124756877645e-01
6.974381772714642880e-01
7.178105029174770557e-01
7.232564601278133054e-01
7.243901083634343152e-01
7.313031397610447737e-01
7.328035565434842802e-01
7.427729924979160625e-01
7.218560711308696920e-01
7.493859405390386197e-01
7.496637954987496189e-01
7.545095859961099549e-01
7.530202834120589550e-01
7.489636010002778121e-01
7.457071408724644801e-01
7.370491803278689247e-01
7.407835509863851531e-01
7.425062517365934589e-01
7.463406501806056914e-01
7.266240622395110371e-01
7.306140594609614736e-01
7.699694359544317912e-01
7.504084467907752298e-01
7.710252848013336990e-01
7.499083078632954313e-01
7.543873298138371597e-01
7.559766601833843858e-01
7.603667685468186166e-01
7.549541539316476646e-01
7.663573214781884690e-01
7.460294526257292835e-01
7.558099472075576752e-01
7.504084467907750078e-01
7.683467629897193785e-01
7.631008613503751370e-01
7.577771603223117935e-01
7.557432620172270799e-01
7.583884412336758807e-01
7.541872742428452625e-01
7.570769658238398758e-01
7.437621561544874860e-01
7.476076687968880030e-01
7.523867741039176327e-01
7.561433731592108742e-01
7.535759933314809533e-01
7.649902750764100423e-01
7.486746318421783064e-01
7.572992497916086752e-01
7.575104195609890789e-01
7.360044456793554124e-01
7.553764934704083611e-01
7.484634620727979026e-01
7.535759933314808423e-01
7.439288691303138634e-01
7.568991386496248808e-01
7.555987774381772715e-01
6.963712142261739846e-01
7.645568213392608392e-01
7.616893581550431280e-01
7.712920255626563026e-01
7.440177827174215830e-01
7.484301194776328270e-01
7.287468741317033594e-01
7.158099472075576397e-01
7.526535148652403473e-01
7.520422339538761491e-01
7.393498193942761310e-01
7.550764101139204598e-01
7.380383439844402371e-01
7.452959155320921791e-01
7.410391775493192501e-01
7.515420950263962396e-01
7.653125868296748457e-01
7.500194498471798310e-01
7.336148930258404866e-01
7.083967768824672717e-01
7.292470130591831579e-01
7.411947763267574540e-01
7.004278966379550164e-01
7.533648235621006606e-01
7.511086412892470365e-01
7.545873853848290569e-01
7.526090580716866540e-01
7.645123645457071460e-01
7.102750764101137815e-01
7.564212281189220954e-01
7.344595721033619906e-01
6.383106418449568942e-01
7.307474298416226643e-01
7.667463184217838679e-01
6.530258405112531195e-01
7.017171436510141191e-01
6.717754931925534745e-01
7.352486801889412948e-01
6.669630452903584361e-01
6.579049736037787532e-01
6.829119199777716753e-01
7.552320088913588858e-01
7.137204779105307262e-01
6.345318143928868615e-01
7.219227563212003984e-01
6.719755487635453717e-01
7.633676021116977406e-01
