7.814948596832453909e-01
7.616004445679355195e-01
7.318588496804667720e-01
7.127646568491248225e-01
7.414837454848568488e-01
7.437954987496526726e-01
6.957599333148096754e-01
7.516421228118922437e-01
7.686023895526534755e-01
7.531869963878854435e-01
7.639788830230620498e-01
7.567324256737982813e-01
7.213559322033897825e-01
7.583662128368992006e-01
6.957154765212558711e-01
7.527646568491248580e-01
7.603778827452070121e-01
7.675909974993053719e-01
6.769547096415670095e-01
7.653348152264518589e-01
7.617893859405390211e-01
7.529980550152819418e-01
7.557321478188385733e-01
7.609002500694639348e-01
7.116087802167267995e-01
7.669908307863295693e-01
7.425284801333703610e-01
7.194331758821894685e-01
7.383161989441511253e-01
7.755487635454292317e-01
7.250013892747985134e-01
7.717143651014171102e-01
7.511753264795776319e-01
7.462406223951096873e-01
7.319366490691858740e-01
7.214226173937203779e-01
7.274687413170324302e-01
7.730036121144762129e-01
7.538649624895805701e-01
7.522311753264796508e-01
7.401611558766324483e-01
7.317810502917477811e-01
7.268018894137261432e-01
7.721367046401778067e-01
7.675909974993053719e-01
7.600333425951654176e-01
7.541428174492914582e-01
7.288913587107529457e-01
7.536315643234230421e-01
7.469185884968045919e-01
7.683467629897193785e-01
7.177993887190885491e-01
7.165212559044178420e-01
7.427174215059738627e-01
7.263684356765768291e-01
7.561211447624340831e-01
7.696471242011670988e-01
7.482189497082523122e-01
7.508085579327590242e-01
7.074520700194498746e-01
7.590886357321479094e-01
7.253459294248402189e-01
7.629897193664907373e-01
7.446068352320089900e-01
6.889247013059182079e-01
7.421505973881633578e-01
7.226229508196722051e-01
7.430397332592385551e-01
6.903028619060849191e-01
7.327924423450957736e-01
6.949930536260071623e-01
7.511086412892469255e-01
7.398721867185328316e-01
7.352709085857181970e-01
7.345818282856348969e-01
7.388719088635732346e-01
7.003278688524590123e-01
7.271130869686024401e-01
7.297582661850513519e-01
7.088469019171992347e-01
7.006057238121700115e-01
6.715309808280078840e-01
7.180327868852458550e-01
7.369269241455959074e-01
6.961378160600166787e-01
7.022061683801055221e-01
7.034731869963878337e-01
7.066851903306473615e-01
7.157543762156155509e-01
7.116865796054459015e-01
6.962823006390664871e-01
7.400611280911364442e-01
7.221561544873575933e-01
6.736537927202000953e-01
7.036621283689913353e-01
7.144984717977216349e-01
7.354820783550986008e-01
6.620172270075020959e-01
7.011392053348153297e-01
7.095637677132536902e-01
6.361822728535704297e-01
6.822006112809113620e-01
6.755432064462350006e-01
7.039510975270908411e-01
6.183161989441511297e-01
6.362656293414836739e-01
7.071742150597388754e-01
7.150986385106974375e-01
7.142428452347873158e-01
7.516643512086691459e-01
6.449124756876909448e-01
6.520033342595166204e-01
6.472797999444289685e-01
6.553487079744373389e-01
7.155432064462351471e-01
6.299305362600722269e-01
6.868130036121145032e-01
6.149041400388997047e-01
6.870908585718256134e-01
6.068018894137260366e-01
7.157988330091693552e-01
6.990497360377883052e-01
6.526146151708807075e-01
6.978605168102250955e-01
6.082022784106696500e-01
5.922089469297027176e-01
7.072853570436232751e-01
6.471686579605446799e-01
7.566435120866906727e-01
7.570325090302861826e-01
7.355376493470408006e-01
7.619005279244235318e-01
7.497304806890803253e-01
7.730591831064184127e-01
7.595220894692971125e-01
7.659016393442622528e-01
7.398499583217560405e-01
7.503751041956099321e-01
7.378605168102251310e-01
7.247013059183107231e-01
7.451069741594887885e-01
7.478299527646568023e-01
7.082911919977771253e-01
7.457293692692416043e-01
7.820283412058905981e-01
7.606335093081413312e-01
7.529980550152819418e-01
7.526312864684634452e-01
7.414726312864685642e-01
7.549986107252014689e-01
7.689691580994720832e-01
7.336815782161710819e-01
7.418505140316753454e-01
7.398833009169214492e-01
7.566546262850791793e-01
7.682245068074464722e-01
7.516976938038344436e-01
7.619338705195887185e-01
7.059738816337870482e-01
7.656571269797165513e-01
7.688691303139760791e-01
7.440622395109752762e-01
7.348596832453457850e-01
7.636565712697971353e-01
7.463851069741593847e-01
7.346040566824119100e-01
7.613225896082245203e-01
7.575104195609891899e-01
7.789385940539038655e-01
7.788496804667963680e-01
7.639677688246735432e-01
7.628785773826062266e-01
7.766601833842733393e-01
7.545318143928869681e-01
7.497415948874688318e-01
7.613670464017783246e-01
7.529535982217281376e-01
7.594442900805780106e-01
7.217671575437620834e-01
7.538427340928035569e-01
7.610558488469020277e-01
7.563878855237566867e-01
7.664684634620727577e-01
7.595887746596277079e-01
7.421950541817172731e-01
7.632120033342595367e-01
7.546207279799945766e-01
7.364490136148929000e-01
7.745818282856349324e-01
7.303028619060850657e-01
7.683801055848846762e-01
7.490525145873854207e-01
7.415837732703529639e-01
7.485746040566825243e-01
7.486690747429840531e-01
7.622784106696303130e-01
7.411725479299805519e-01
7.460850236176715944e-01
7.455070853014726939e-01
6.900472353431509331e-01
7.385273687135315290e-01
7.432397888302304523e-01
7.521422617393722643e-01
7.510864128924701344e-01
7.314365101417059645e-01
7.470186162823005960e-01
7.239899972214502988e-01
7.675909974993053719e-01
7.088524590163933770e-01
7.132425673798277188e-01
7.208113364823561797e-01
7.450625173659349842e-01
7.213337038066129914e-01
6.571380939149764622e-01
7.385495971103084312e-01
7.140650180605723207e-01
7.246790775215338209e-01
7.301917199222005550e-01
7.425507085301472632e-01
6.798999722145041558e-01
7.323367602111698904e-01
7.551430953042511662e-01
7.481411503195332102e-01
7.381272575715477346e-01
7.288357877188108569e-01
7.285690469574881423e-01
7.224895804390107923e-01
6.767768824673520145e-01
6.635287579883301090e-01
6.955932203389830759e-01
6.962934148374547716e-01
7.195220894692969660e-01
7.137204779105306152e-01
7.273242567379827328e-01
6.739983328702416898e-01
6.482356210058348722e-01
7.125090302861905034e-01
7.091080855793275850e-01
6.928146707418727512e-01
6.908363434287301263e-01
7.482300639066408188e-01
6.592053348152264736e-01
6.522589608224507174e-01
6.723534315087523749e-01
7.003278688524590123e-01
7.310363989997221701e-01
6.568935815504306497e-01
7.463517643789940870e-01
6.815559877743817552e-01
6.664295637677133399e-01
6.498360655737704938e-01
6.925590441789386542e-01
6.805668241178104427e-01
6.546762989719366876e-01
6.908363434287301263e-01
6.214281744929146534e-01
7.656126701861627470e-01
7.758488469019171330e-01
7.687357599333148883e-01
7.816949152542373991e-01
7.493192553487081353e-01
7.621450402889691222e-01
7.477299249791609093e-01
7.757377049180327333e-01
7.748152264517922383e-01
7.745595998888579192e-01
7.778716310086135621e-01
7.659794387329812437e-01
7.678910808557932732e-01
7.848735759933314071e-01
7.676354542928591762e-01
7.712031119755488051e-01
7.445290358432898881e-01
7.548985829397054648e-01
7.682022784106694591e-01
7.627007502083911206e-01
7.802834120589052791e-01
7.445290358432897770e-01
7.670130591831063605e-01
7.562434009447067673e-01
7.749263684356765269e-01
7.613448180050013114e-01
7.727813281467074136e-01
7.673131425395942617e-01
7.772714642956377595e-01
7.783273131425396674e-01
7.528980272297860488e-01
7.608669074742985261e-01
7.495415393164769347e-01
7.534426229508197626e-01
7.716810225062518125e-01
7.793942761878300818e-01
7.520978049458182380e-01
7.517199222006113457e-01
7.593998332870242063e-01
7.452625729369268814e-01
7.744929146985273238e-01
7.581217004723534991e-01
7.637121422617394462e-01
7.786385106974159642e-01
7.803056404556820702e-01
7.580661294804111883e-01
7.731036398999722170e-01
7.589108085579328034e-01
7.317254792998055812e-01
7.501861628230064305e-01
7.782717421505975786e-01
7.580216726868573840e-01
7.726479577660461118e-01
7.557988330091691687e-01
7.656904695748819600e-01
7.722589608224506019e-01
7.665129202556266730e-01
7.479633231453182152e-01
7.645012503473187504e-01
7.657238121700471467e-01
7.662239510975270562e-01
7.597888302306196051e-01
7.591553209224785048e-01
7.667018616282299526e-01
7.458516254515143995e-01
7.561767157543761719e-01
7.520644623506528292e-01
7.575659905529313898e-01
7.640344540150041386e-01
7.528091136426784402e-01
7.305029174770770739e-01
7.656460127813282668e-01
7.700583495415391777e-01
7.276021116976938430e-01
7.530202834120589550e-01
7.490080577938316164e-01
7.360822450680745144e-01
7.564767991108642953e-01
7.126868574604057205e-01
7.533425951653237584e-01
7.439177549319255789e-01
7.667796610169490545e-01
7.277799388719088380e-01
7.603667685468187276e-01
7.637677132536815350e-01
7.414948596832453553e-01
7.478521811614338155e-01
7.512308974715198318e-01
7.466518477354819883e-01
7.557877188107807731e-01
7.446401778271741767e-01
7.481967213114755211e-01
7.353375937760489034e-01
7.505973881633787315e-01
7.553209224784662723e-01
7.382828563489858276e-01
6.958155043067519863e-01
7.299027507641011603e-01
7.478077243678800112e-01
7.327479855515420804e-01
6.847235343150875897e-01
7.340928035565434939e-01
7.595220894692970015e-01
7.435509863851070822e-01
7.200222283967768755e-01
7.049180327868851403e-01
7.019060850236176208e-01
7.423951097527090592e-01
6.946929702695194830e-01
7.232008891358709946e-01
7.633120311197555408e-01
7.080411225340371706e-01
6.400000000000000133e-01
7.175882189497082564e-01
7.197332592386774808e-01
6.928313420394554001e-01
6.605390386218392695e-01
7.011947763267574185e-01
7.427063073075854671e-01
6.917699360933593500e-01
6.882689636010003165e-01
7.117866073909417945e-01
7.033509308141150385e-01
6.583939983328701562e-01
6.458016115587663641e-01
7.055181994998611650e-01
6.568380105584884499e-01
6.956821339260905734e-01
