6.223513594595495579e-01
6.174957499527772287e-01
6.003177813086810755e-01
6.046622740252669548e-01
5.834398159979554688e-01
5.823731374793053028e-01
5.547061634018156662e-01
5.687507638973767765e-01
6.235624840276003944e-01
5.981177568639650666e-01
6.300181113123479726e-01
6.296181068678541326e-01
5.795619951332792175e-01
5.920621340237114394e-01
5.899398882209802020e-01
6.075845287169857611e-01
6.730408115645729605e-01
7.136523739152658141e-01
6.499183324259159011e-01
6.641740463782932480e-01
7.074523050256114054e-01
6.616740186002066926e-01
6.612295692174358086e-01
6.862409582328691249e-01
6.716407960088445206e-01
6.540294892165467999e-01
6.992633251480571133e-01
6.498849987222080626e-01
6.548628318092422074e-01
6.632851476127511470e-01
6.593739930443671682e-01
6.747074967499638865e-01
7.289858776208625324e-01
6.866854076156401199e-01
6.700963344037156322e-01
6.829409215657952226e-01
7.013300147779419902e-01
6.918187979866443627e-01
6.691074345270502377e-01
6.814297936643740616e-01
6.776964188490982588e-01
7.122190246558295357e-01
6.842964921832465075e-01
6.910076778630873662e-01
6.583962044022710902e-01
6.745630507005633270e-01
6.860409560106223159e-01
6.786630962566250203e-01
6.866965188502094364e-01
7.264747386082067715e-01
7.376193068811875975e-01
6.857853976155290354e-01
6.940410449004988935e-01
7.127523639151546186e-01
7.008077867531861127e-01
6.583295369948554132e-01
7.032411471238569911e-01
7.253636151512795616e-01
7.381526461405125694e-01
6.865076278625317219e-01
6.701518905765619927e-01
7.183079811997910014e-01
7.036967077411971916e-01
7.067967421860241739e-01
6.726630295892176425e-01
6.690185446504961497e-01
7.015966844076045872e-01
6.969855220613563329e-01
7.145968288536539426e-01
6.754852831698129334e-01
6.852076134179269085e-01
6.802964477383082187e-01
7.106856742852698527e-01
7.278969766330738445e-01
7.177413082367583019e-01
6.715074611940132776e-01
6.680296447738307553e-01
6.949077211969021395e-01
6.905965621840242097e-01
6.491961021789131037e-01
7.162301803353370300e-01
6.861965132945921919e-01
6.474738608206758173e-01
6.655851731685906714e-01
7.091078789764331258e-01
6.654518383537595394e-01
7.335525950288336317e-01
6.896854409493438087e-01
6.435404837831530944e-01
6.171957466194069042e-01
7.326192513250147087e-01
5.849842776030844682e-01
7.185413171257458709e-01
6.984410937899310223e-01
7.152079467549640190e-01
6.999966666296293383e-01
7.098301092234358123e-01
6.091956577295303266e-01
6.270291892132134892e-01
6.114401271125234905e-01
6.395737730419226441e-01
6.923743597151079676e-01
6.706741186013178702e-01
6.772297469971888528e-01
6.927299192213247636e-01
6.839853776153068665e-01
7.015077945310503882e-01
6.589628773653040117e-01
7.349637218191313881e-01
5.950843898265536502e-01
6.655518394648829439e-01
7.253302814475717231e-01
6.410737897087745996e-01
6.403515594617718021e-01
6.355737285969843553e-01
5.575839731552572065e-01
6.650296114401271774e-01
6.191402126690296326e-01
6.709074545272725176e-01
6.396626629184769541e-01
6.478627540306003407e-01
5.997066634073712210e-01
6.427293636595963200e-01
6.046733852598362713e-01
6.430849231658130050e-01
6.599073323036922512e-01
6.928743652707252121e-01
6.325959177324191884e-01
5.832287025411393433e-01
5.499394437715974249e-01
6.030733674818609114e-01
6.224735830398115954e-01
6.307403415593506590e-01
6.212402360026222370e-01
6.148623873598595413e-01
6.156179513105701773e-01
6.273736374848609687e-01
6.387626529183657587e-01
6.378515316836853577e-01
6.241958243980487708e-01
5.348503872265247816e-01
6.361181790908788658e-01
6.065178501983354842e-01
6.228735874843054354e-01
6.813186813186814517e-01
6.954855053945044885e-01
6.520516894632163440e-01
6.461738463760707818e-01
6.291958799542217706e-01
6.774186379848664563e-01
6.963744041600462564e-01
6.615740174890831771e-01
7.047189413215702025e-01
6.770408560095112493e-01
6.781408682318692538e-01
6.677296414404605418e-01
6.801075567506306152e-01
6.858187313192369849e-01
6.701741130457005147e-01
6.607184524272491366e-01
6.933743708263424566e-01
6.895298836653740437e-01
6.943521594684385345e-01
6.823075811953467351e-01
7.041633795931065976e-01
6.971188568761875759e-01
6.874631940354892778e-01
6.988188757652863403e-01
6.836520405782285925e-01
7.087412082356471243e-01
6.916299069989666481e-01
6.959077323081367394e-01
6.883854265047388843e-01
6.936299292214357370e-01
7.015966844076044762e-01
7.183413149034989509e-01
7.034189268769652781e-01
6.967744086045399854e-01
7.000633340370449043e-01
7.118301314459049012e-01
7.441304903387814251e-01
6.966188513205702204e-01
7.119856887298747772e-01
7.202413360148445243e-01
6.951521683574262145e-01
6.945632729252547710e-01
7.210635673729708373e-01
7.281525350281670139e-01
7.217524639162657962e-01
7.148301647796087011e-01
7.049078323092478060e-01
7.148079423104700680e-01
7.209524550272780052e-01
7.390526561406238759e-01
7.168412982366469954e-01
7.600862231802576474e-01
7.346081623129145921e-01
6.965521839131545434e-01
7.218302425582506787e-01
6.943410482338692180e-01
6.881520905787842368e-01
7.155190613229035490e-01
7.160524005822286320e-01
7.288969877443081113e-01
7.228524761386238007e-01
6.863076256402849129e-01
6.893632151468350733e-01
7.005077834198157882e-01
6.803186702074467407e-01
6.858631762575139179e-01
7.284969832998144934e-01
7.231858131757018526e-01
7.143190479894221401e-01
7.058411760130667290e-01
7.002188913210146692e-01
7.311636795964397972e-01
7.087523194702163298e-01
7.204635607062300773e-01
7.088412093467704178e-01
6.647073856376182199e-01
6.855798397759973462e-01
6.445738285980955329e-01
6.636295958843987375e-01
7.194746608295647938e-01
7.284747608306759714e-01
7.026411404571162311e-01
7.277747530528115849e-01
6.851631684796497535e-01
6.972077467527416639e-01
7.215191279903111488e-01
6.963299592217691014e-01
6.282514250158335312e-01
6.273736374848610797e-01
7.255080612006798990e-01
6.327736974855275864e-01
7.071078567539639259e-01
6.053400593339925972e-01
6.840631562572916380e-01
6.609740108223424171e-01
6.007177857531750265e-01
6.415182390915454835e-01
6.326403626706964545e-01
6.305347837198191918e-01
6.154623940266001902e-01
6.636962632918144145e-01
6.668851876131955958e-01
6.304292269914111291e-01
7.117079078656428637e-01
7.056411737908199200e-01
6.307292303247814536e-01
5.642618251313904487e-01
6.543739374881942794e-01
6.521294681052012265e-01
6.712852365026278356e-01
6.361515127945867043e-01
6.838964877387526675e-01
6.127734752608362534e-01
6.168401871131901082e-01
6.130401448904987394e-01
6.266625184724274877e-01
6.057400637784864372e-01
6.270514116823520112e-01
6.090512116801298781e-01
6.283625373615262522e-01
6.199846664962944676e-01
6.474627495861065007e-01
6.087178746430516041e-01
6.339737108190091064e-01
5.953732819253547692e-01
6.285514283492038556e-01
6.283625373615262522e-01
6.246291625462505603e-01
6.926965855176168141e-01
6.662296247736085864e-01
6.989410993455482668e-01
6.926132512583472733e-01
6.850298336648186215e-01
6.732963699596662410e-01
6.887965421838020408e-01
6.971633018144646199e-01
6.696185513172367987e-01
6.622740252669474526e-01
6.812631251458349801e-01
6.765741841576017324e-01
6.945632729252547710e-01
6.645073834153712999e-01
6.746408293425483205e-01
6.868187424304714739e-01
6.906743408260092032e-01
7.255636173735263705e-01
6.234180379781997239e-01
6.829631440349337446e-01
7.099856665074055773e-01
7.068522983588707564e-01
7.249858331759242436e-01
7.093523261369570898e-01
7.227858087312080126e-01
7.234413715707953552e-01
6.932965921843575741e-01
6.881298681096457148e-01
6.992299914443493858e-01
7.165635173724153040e-01
7.201302236691519143e-01
6.655518394648829439e-01
7.033633707041189176e-01
7.175079723108034324e-01
7.029855887287637106e-01
7.219635773730819217e-01
7.051411682352026755e-01
7.069189657662862114e-01
7.097689974333047935e-01
7.197524416937965963e-01
7.110634562606250597e-01
7.114301270014111722e-01
7.049967221858020050e-01
7.236635962621806861e-01
7.333303703374483007e-01
7.168301870020776789e-01
7.093523261369570898e-01
7.311747908310092248e-01
7.179079767552973834e-01
7.473194146601629395e-01
7.324859165101835767e-01
7.302414471271903018e-01
7.269636329292548105e-01
7.203635595951065618e-01
7.180635340392671484e-01
7.027189190991010026e-01
7.211969021878021913e-01
7.144746052733919051e-01
7.307303414482383408e-01
7.217635751508351127e-01
7.246969410771231246e-01
7.115190168779652602e-01
7.409637884865387658e-01
6.674740830453671503e-01
7.073523039144880009e-01
7.336192624362493087e-01
6.597295525505837421e-01
7.258302870031889675e-01
7.192302136690407188e-01
6.607406748963877696e-01
6.945299392215469325e-01
7.255969510772342090e-01
7.165301836687074655e-01
6.895854398382204042e-01
7.079078656429516059e-01
7.011189013211258647e-01
6.784630940343782113e-01
7.276747519416881804e-01
6.938632651473903845e-01
7.381415349059433639e-01
6.897076634184824417e-01
6.939743774930831055e-01
7.170968566317404980e-01
7.064745163835154385e-01
7.016633518150201532e-01
7.026189179879775981e-01
6.651851687240968314e-01
6.793408815653507737e-01
7.093412149023877733e-01
6.782742030467003858e-01
6.727741419349103635e-01
7.186968744097156359e-01
6.538628206980077184e-01
7.122634695941065797e-01
7.071189679885332424e-01
6.959521772464138945e-01
6.713296814409048796e-01
6.016511294569939494e-01
6.693629929221435182e-01
6.335292614362380004e-01
6.806297847753863817e-01
7.228191424349159622e-01
6.671296347737196708e-01
6.290847676085289386e-01
6.988966544072712228e-01
4.908610095667729212e-01
6.898298869987444792e-01
6.200291114345715116e-01
6.647184968721875364e-01
6.426293625484728045e-01
6.049400548894987573e-01
6.252513916821298423e-01
