7.170301892243247099e-01
6.321181346459404660e-01
7.396415515727952084e-01
6.732297025522506750e-01
7.179079767552972724e-01
6.861409571217458314e-01
6.619295769952999731e-01
7.545306058956211537e-01
7.160301781130901100e-01
7.457749530550339401e-01
6.602406693407705252e-01
6.977744197157745853e-01
6.990855453949488263e-01
7.187857642862698349e-01
7.110967899643330092e-01
7.359748441649351935e-01
7.155301725574728655e-01
7.280969788553206534e-01
7.307303414482383408e-01
6.598184424271382742e-01
7.013966821853575562e-01
7.302303358926209853e-01
7.169524105823398274e-01
6.971410793453260979e-01
7.182635362615139574e-01
7.155301725574728655e-01
7.035189279880889046e-01
7.110523450260558542e-01
6.965077389748774994e-01
7.370304114490161540e-01
7.245524950277225651e-01
7.081856465071834084e-01
7.415082389804330543e-01
7.231524794719941251e-01
7.412193468816321573e-01
7.644307158968433047e-01
7.170413004588940264e-01
7.095301058900653768e-01
7.159523994711052275e-01
7.337748197202190736e-01
6.978299758886210569e-01
7.229080323114701612e-01
7.120634673718596597e-01
7.289303214480160609e-01
6.891521016900188368e-01
6.704630051445016337e-01
7.302414471271903018e-01
7.325303614484606207e-01
6.776964188490983698e-01
6.329848109423438229e-01
6.451071678574206159e-01
6.669740774897499058e-01
7.250969455216167425e-01
6.485516505738952997e-01
6.679963110701230278e-01
7.204635607062300773e-01
7.071523016922409699e-01
7.370970788564317200e-01
7.360192891032122375e-01
7.395859953999488479e-01
6.813631262569583846e-01
6.959410660118445779e-01
7.223746930521449672e-01
6.167457416193513620e-01
6.292514361270681311e-01
7.003855598395538617e-01
6.626962521805798145e-01
6.676851965021833868e-01
6.986188735430394203e-01
7.267858531761464125e-01
6.643073811931243799e-01
5.742619362437361152e-01
7.090967677418638093e-01
6.592406582295358142e-01
6.404737830420338396e-01
7.025522505805621432e-01
7.369415215724619550e-01
6.565295169946332443e-01
6.709630107001188781e-01
6.827298081089789861e-01
6.776186402071134873e-01
6.726519183546484371e-01
6.448404982277580189e-01
6.954521716907966500e-01
6.433849264991833294e-01
6.708630095889953626e-01
6.378515316836853577e-01
6.829298103312259061e-01
6.337514861276236644e-01
6.287403193368814591e-01
6.787519861331792193e-01
6.471405237835976543e-01
6.123623595817730969e-01
6.617295747730530531e-01
6.042511583462039093e-01
6.778186424293602963e-01
6.228846987188747519e-01
6.678074200824453133e-01
6.399071100790009181e-01
6.347403860042888368e-01
5.751508350092778832e-01
6.369848553872821117e-01
5.854731719241325072e-01
6.314181268680763015e-01
6.320292447693863780e-01
6.461516239069322598e-01
6.021733574817498269e-01
6.060345114945721035e-01
6.321292458805097825e-01
6.186290958788430716e-01
6.849631662574029445e-01
6.485627618084646162e-01
6.018511316792408694e-01
6.085956510627895666e-01
6.175290836564850672e-01
6.142179357548417373e-01
5.995955510616783890e-01
5.877398637762641931e-01
5.612284580939788103e-01
6.498183313147923856e-01
6.164735163724042177e-01
5.918287980977566809e-01
6.174179713107923462e-01
6.626184735385948210e-01
6.472627473638596918e-01
5.878176424182490756e-01
5.025166946299403081e-01
6.108178979766440975e-01
7.317525750286114627e-01
7.144412715696841776e-01
7.130745897176634651e-01
7.288747652751697004e-01
7.311414571273013863e-01
7.372193024366936465e-01
7.043522705807842010e-01
7.328414760164001507e-01
7.231302570028556032e-01
7.559417326859187991e-01
7.058633984822053620e-01
6.926521405793397701e-01
6.935299281103122215e-01
7.048300536672629235e-01
6.844964944054934275e-01
7.209080100890009613e-01
7.260747341637130425e-01
7.355415060167335151e-01
7.169301881132013055e-01
7.341637129301435971e-01
7.058633984822054730e-01
7.044300492227690835e-01
7.466638518205758190e-01
7.177968644096046624e-01
7.206413404593383643e-01
7.181968688540985024e-01
7.186302070023000699e-01
7.330525894732163872e-01
7.081634240380447753e-01
7.424526939188214048e-01
7.176079734219269479e-01
7.315414615717953373e-01
7.549972777475304486e-01
6.966410737897088534e-01
7.413749041656018113e-01
6.928521428015866901e-01
7.289525439171546939e-01
7.399193324370272329e-01
6.961855131723686529e-01
6.769741886020954613e-01
7.388859876220845724e-01
6.956632851476127755e-01
7.196191068789652423e-01
7.377193079923108909e-01
7.049633884820942775e-01
7.538528205868955112e-01
7.206746741630462028e-01
7.206968966321849468e-01
7.298192202135578288e-01
7.284525383615373384e-01
7.063300703341148790e-01
7.234524828053644496e-01
7.131968132979256136e-01
7.261858465094055415e-01
6.966188513205702204e-01
7.172079689774331079e-01
7.327748086089846957e-01
7.294747719419105714e-01
7.406082289803219698e-01
7.252525028055866185e-01
6.587628751430570917e-01
7.319636884854275882e-01
7.390304336714852429e-01
7.125301392237690656e-01
7.233858153979488836e-01
7.424082489805443608e-01
7.483860931788131055e-01
7.087856531739241683e-01
7.327303636707074297e-01
7.583528705874509335e-01
6.834520383559816725e-01
7.314414604606718218e-01
7.385193168812986819e-01
7.350637229302546816e-01
7.345192724363603931e-01
7.044189379881999891e-01
6.906076734185935262e-01
7.020300225558061546e-01
7.239191546572740776e-01
7.008411204568940622e-01
6.566295181057567598e-01
7.272636362626250239e-01
6.474849720552450227e-01
7.125968066311848537e-01
6.816631295903288201e-01
7.368192979921999175e-01
6.942188246536071805e-01
6.986966521850243028e-01
6.361404015600173878e-01
6.666296292181024263e-01
6.922743586039844521e-01
6.758186202068910964e-01
6.997299969999666303e-01
7.048522761364014455e-01
6.811297903310036261e-01
6.661518461316235928e-01
6.515072389693219446e-01
6.516961299569996591e-01
6.897632195913288022e-01
6.502294469938554311e-01
6.381293125479172712e-01
7.122968032978144182e-01
6.520739119323548660e-01
6.950299447771641770e-01
6.418182424249159190e-01
6.890743230480338433e-01
6.702074467494083532e-01
6.363181813131256748e-01
6.565517394637718773e-01
6.205068945210502340e-01
6.603295592173246131e-01
5.967955199502217312e-01
6.029955888398759178e-01
6.347514972388581533e-01
6.383515372393027132e-01
6.407960088445426861e-01
6.638629318103534960e-01
6.224735830398114844e-01
6.712074578606429531e-01
6.838409315659063070e-01
6.807186746519406917e-01
6.356959521772463928e-01
6.634407048967210230e-01
5.977288636540405431e-01
6.482849809442328137e-01
6.545072723030255224e-01
5.609506772297470079e-01
6.261625129168101322e-01
7.150857231747019815e-01
7.146079400882231480e-01
7.103078923099146458e-01
7.447749419437994511e-01
7.174413049033878664e-01
7.359081767575196276e-01
7.286303181146457364e-01
7.048856098401093950e-01
7.252080578673096856e-01
7.370193002144467265e-01
7.171968577428637914e-01
7.220969121879130537e-01
7.211413460149556087e-01
7.326859187324303857e-01
7.276080845342726144e-01
7.247858309536772126e-01
7.251413904598940086e-01
7.380637562639584814e-01
7.255080612006800100e-01
7.385304281158679984e-01
7.512750141668241843e-01
7.433415926843631727e-01
7.166524072489693920e-01
7.428971433015922887e-01
7.427860309558995677e-01
7.329192546583850332e-01
7.410193446593851263e-01
7.340303781153123541e-01
7.426860298447760522e-01
7.300414449049434928e-01
7.359415104612272440e-01
7.318414649051656617e-01
7.415749063878487313e-01
7.335859287325414702e-01
7.359081767575195165e-01
7.293969932999255779e-01
7.365526283625373205e-01
7.397637751530573569e-01
7.291636573739708194e-01
7.144634940388225885e-01
7.428860320670229722e-01
7.558083978710874451e-01
7.232080356448404856e-01
7.341859353992823412e-01
7.389193213257925219e-01
7.411304570050778473e-01
7.408526761408460448e-01
7.219080212002355612e-01
7.217191302125579577e-01
7.244302714474606386e-01
7.274191935465948999e-01
7.700530005888954754e-01
7.275636395959955705e-01
7.266191846576073310e-01
7.452638362648473791e-01
7.400971121901354088e-01
7.367637418193535570e-01
7.216746852742808027e-01
7.161968466316291915e-01
7.099967777419748938e-01
7.276636407071189749e-01
7.192968810764563958e-01
6.926410293447704536e-01
7.353970599673329556e-01
7.125745841620463317e-01
7.252969477438637735e-01
7.304970055222836933e-01
6.869298547761641949e-01
7.159746219402437495e-01
7.085189835442615713e-01
6.847853865042945465e-01
6.817742419360215411e-01
7.173690818786875312e-01
6.904410049000544447e-01
7.145746063845153095e-01
7.224635829286991662e-01
7.508527872531916003e-01
7.335414837942643151e-01
7.459638440427116546e-01
7.486527628084755914e-01
6.853076145290502019e-01
7.054522828031423165e-01
6.848853876154179510e-01
6.686518739097101482e-01
7.157857309525662570e-01
6.791853242813810088e-01
7.018411315681285512e-01
6.712519027989199971e-01
6.999522216913520722e-01
7.389193213257925219e-01
7.006744519383547587e-01
6.727519194657717305e-01
6.594628829209212562e-01
6.940077111967910550e-01
6.870076334181491884e-01
6.778297536639296128e-01
6.951743908265647365e-01
6.836298181090900705e-01
6.522961366237403080e-01
6.480405337837087387e-01
6.636407071189679430e-01
6.809964555161724942e-01
6.791408793431037427e-01
6.990855453949489373e-01
6.587628751430572027e-01
6.420071334125935225e-01
6.931854798386649641e-01
6.624073600817786955e-01
6.399293325481394401e-01
6.711852353915044311e-01
6.932965921843576851e-01
6.710519005766729661e-01
6.834631495905509890e-01
6.501738908210091816e-01
6.414404604495604900e-01
6.587517639084878862e-01
6.558850653896155514e-01
6.805964510716786542e-01
6.517516861298459085e-01
6.561184013155703099e-01
6.199957777308636730e-01
6.267402971144123702e-01
6.813964599606662231e-01
6.381070900787786382e-01
6.156179513105701773e-01
6.923188035422616071e-01
6.828075867509638686e-01
6.049733885932065958e-01
