8.997372054696897159e-01
9.068081599928734526e-01
8.962629726960935628e-01
9.008730123379804500e-01
9.057280299318516414e-01
8.981559841432452673e-01
8.924992205246981003e-01
9.089795554763707708e-01
9.000267248674892473e-01
8.992472495657209963e-01
8.980446305287070885e-01
8.986682107701216005e-01
9.033450625807313283e-01
8.946372099238341091e-01
9.044808694490222845e-01
9.042358914970379802e-01
9.008507416150728364e-01
9.048037949311835693e-01
9.069529196917731628e-01
9.065409113179814238e-01
9.048372010155449896e-01
9.038572892076076615e-01
9.085898178254866453e-01
9.052492093893367286e-01
9.031668967974700868e-01
9.022983386040711595e-01
9.051935325820676947e-01
8.991581666740903200e-01
9.053494276424214338e-01
9.015968108324796670e-01
9.082668923433254715e-01
8.994031446260745133e-01
9.035566344483541013e-01
9.074206048728341578e-01
9.120863213219900789e-01
9.023428800498864977e-01
9.040688610752305454e-01
9.074540109571956892e-01
8.849605808204534796e-01
9.042358914970380912e-01
9.070531379448577569e-01
8.985345864326756971e-01
9.017861119771948264e-01
9.072535744510266120e-01
8.947040220925570608e-01
9.121197274063514993e-01
9.100262794530310506e-01
9.134559707808116436e-01
9.096031357177853938e-01
9.097478954166853260e-01
9.094249699345240412e-01
9.009175537837958991e-01
8.895706204623401447e-01
9.066745356554273272e-01
9.093692931272548963e-01
9.074428755957418824e-01
9.090129615607323021e-01
9.135895951182575470e-01
9.052492093893367286e-01
9.074317402342879646e-01
9.091577212596321234e-01
9.073537927041110951e-01
9.069974611375886120e-01
9.063738808961739890e-01
9.062513919201818924e-01
9.133000757204579045e-01
9.104716939111844320e-01
9.107500779475301567e-01
9.043138390272149607e-01
9.037570709545230674e-01
9.065186405950736992e-01
9.099149258384927608e-01
9.014854572179412662e-01
9.046144937864684099e-01
9.100262794530311616e-01
9.110395973453297991e-01
9.029887310142088452e-01
9.006280343859960347e-01
9.062513919201816703e-01
9.102489866821077413e-01
9.031223553516547486e-01
9.091243151752705920e-01
9.138568437931493538e-01
8.972874259498464511e-01
9.110061912609683787e-01
9.031668967974700868e-01
9.077769364393568630e-01
9.055164580642288685e-01
9.128992027081197502e-01
9.068527014386886798e-01
9.102712574050153549e-01
9.099928733686697413e-01
8.947708342612801236e-01
9.142020399982184742e-01
9.064518284263507475e-01
9.126096833103202188e-01
9.093470224043473937e-01
9.090129615607323021e-01
9.144581533116565852e-01
9.067636185470580035e-01
9.060620907754666220e-01
9.094806467417931861e-01
9.018640595073715849e-01
9.057725713776669796e-01
8.969422297447775527e-01
9.079551022226182155e-01
9.113847935503986974e-01
9.095585942719699446e-01
9.081889448131487130e-01
9.044140572802994438e-01
9.101376330675693405e-01
9.077546657164492494e-01
9.052269386664291151e-01
8.984455035410450208e-01
9.064740991492583611e-01
9.028662420382165266e-01
9.127544430092200400e-01
9.106721304173533982e-01
9.113625228274910839e-01
9.098369783083158913e-01
9.034564161952697292e-01
9.066856710168813560e-01
9.165293305420694203e-01
9.054162398111442744e-01
9.078326132466261189e-01
8.990022716137364700e-01
9.079105607768027664e-01
8.962518373346398670e-01
9.097590307781389107e-01
9.045365462562914294e-01
9.024319629415170629e-01
9.008507416150728364e-01
9.044585987261146709e-01
9.025433165560554638e-01
9.054162398111442744e-01
8.979444122756224944e-01
8.992583849271746921e-01
9.027103469778630096e-01
9.061623090285511051e-01
9.055053227027749507e-01
8.965079506480780891e-01
9.062402565587279746e-01
9.054162398111442744e-01
9.042247561355842844e-01
9.057391652933054482e-01
9.055832702329515982e-01
9.027548884236782367e-01
9.058616542692976559e-01
9.001826199278428753e-01
9.084450581265869351e-01
9.055832702329517092e-01
9.102712574050154659e-01
9.063070687274509263e-01
9.047592534853681201e-01
9.044474633646608641e-01
9.079773729455258291e-01
8.989354594450136293e-01
9.062179858358202500e-01
9.059730078838359457e-01
9.057725713776669796e-01
9.057725713776669796e-01
9.034898222796312606e-01
9.090686383680014471e-01
9.128880673466660545e-01
9.118970201772751416e-01
9.059284664380204966e-01
9.051823972206138880e-01
9.091243151752705920e-01
9.022760678811634349e-01
9.043027036657609319e-01
9.061177675827357669e-01
9.086232239098481767e-01
9.106944011402609007e-01
9.107166718631687363e-01
9.038572892076077725e-01
9.101710391519308718e-01
9.070976793906729840e-01
9.055164580642287575e-01
9.019642777604560679e-01
9.050487728831677625e-01
9.126542247561355570e-01
9.065409113179814238e-01
9.070865440292191773e-01
9.079551022226181045e-01
9.139347913233264453e-01
9.062291211972741678e-01
9.108280254777070262e-01
9.150260567458019523e-01
9.113068460202218279e-01
9.101710391519308718e-01
9.107166718631687363e-01
9.096031357177853938e-01
9.085564117411250029e-01
9.099483319228541811e-01
9.029441895683933961e-01
9.083225691505947275e-01
9.104494231882767075e-01
9.084561934880407419e-01
9.073649280655650129e-01
9.085230056567636936e-01
9.117633958398290162e-01
9.101153623446616159e-01
9.131219099371966630e-01
9.125985479488665231e-01
9.085007349338560800e-01
9.146363190949178268e-01
9.106053182486302244e-01
9.065075052336197814e-01
9.130105563226582621e-01
9.107723486704378812e-01
9.132555342746425664e-01
9.043583804730301878e-01
9.108614315620684465e-01
9.139681974076878657e-01
9.146919959021870827e-01
9.142799875283953437e-01
9.117299897554674848e-01
9.103380695737384176e-01
9.084450581265868241e-01
9.119861030689055958e-01
9.113402521045834703e-01
9.118413433700058857e-01
9.065854527637968729e-01
9.076210413790031240e-01
9.082000801746024088e-01
9.095140528261547175e-01
9.091577212596322344e-01
9.123424346354283010e-01
9.125874125874124942e-01
9.127210369248586197e-01
9.094695113803394904e-01
9.026880762549551740e-01
9.136452719255265809e-01
9.108725669235224753e-01
9.045810877021067675e-01
9.047035766780988642e-01
9.091243151752705920e-01
9.086232239098479546e-01
9.094806467417932971e-01
9.090240969221861089e-01
9.101710391519308718e-01
9.102601220435615481e-01
9.091911273439935437e-01
9.093915638501625098e-01
9.129103380695737791e-01
9.118302080085520789e-01
9.067858892699657281e-01
9.120529152376286586e-01
9.106275889715380600e-01
9.028105652309473816e-01
9.145138301189257302e-01
9.017527058928331840e-01
9.052380740278830329e-01
9.096254064406930073e-01
9.085675471025789207e-01
9.071088147521269018e-01
9.034341454723621156e-01
9.028996481225779469e-01
9.041468086054074149e-01
9.018751948688255027e-01
8.981225780588837360e-01
9.055944055944056270e-01
9.060620907754665110e-01
9.028105652309474927e-01
9.009175537837958991e-01
9.050153667988063422e-01
9.105830475257228329e-01
8.996592579395127354e-01
9.022315264353480968e-01
9.005946283016348364e-01
9.066856710168812450e-01
9.060175493296511728e-01
9.068638368001425976e-01
9.046144937864681879e-01
9.042470268584918980e-01
9.076099060175493172e-01
8.999376419758585710e-01
9.105719121642690261e-01
9.062402565587279746e-01
9.050487728831679846e-01
9.113736581889448907e-01
9.073760634270188197e-01
9.019308716760946476e-01
9.048928778228142455e-01
9.082334862589639402e-01
8.989020533606522090e-01
9.021201728208096959e-01
9.041802146897688353e-01
9.097144893323236836e-01
9.069195136074117425e-01
9.090909090909090606e-01
9.108614315620685575e-01
9.113736581889446686e-01
9.081444033673331528e-01
9.082668923433254715e-01
9.029775956527548164e-01
9.118190726470981611e-01
9.092245334283550751e-01
9.037348002316155648e-01
9.088013896931095292e-01
9.101599037904770650e-01
9.115629593336598280e-01
9.074317402342879646e-01
9.093024809585319446e-01
9.054719166184134194e-01
9.108391608391609440e-01
9.103380695737384176e-01
9.054385105340518880e-01
9.143467996971181844e-01
9.052603447507906465e-01
9.095697296334239734e-01
9.101264977061156447e-01
9.132555342746425664e-01
9.064184223419891051e-01
9.084728965302213410e-01
9.092690748741703022e-01
9.088682018618324809e-01
9.102712574050154659e-01
9.069863257761346942e-01
9.071199501135807086e-01
9.069640550532270806e-01
9.109616498151530406e-01
9.094695113803393793e-01
9.149147031312636624e-01
9.059507371609282211e-01
9.113402521045833593e-01
9.125540065030511849e-01
9.116631775867445331e-01
9.097367600552314082e-01
9.110730034296913304e-01
9.135561890338961266e-01
9.101264977061155337e-01
9.158278027704780389e-01
9.048372010155448786e-01
9.051712618591600812e-01
9.092356687898089929e-01
9.127321722863124265e-01
9.047926595697296515e-01
9.101599037904770650e-01
9.095140528261548285e-01
9.091243151752705920e-01
9.085230056567636936e-01
9.097367600552315192e-01
9.157387198788472515e-01
9.068861075230502111e-01
9.081221326444257613e-01
9.074094695113803510e-01
9.102489866821077413e-01
9.128546612623045231e-01
9.082780277047792783e-01
9.102044452362924032e-01
9.030889492672933283e-01
9.132666696360963732e-01
9.109839205380607652e-01
9.128992027081198612e-01
9.093247516814397802e-01
9.111286802369604754e-01
9.086900360785712394e-01
9.082334862589640512e-01
9.092022627054474615e-01
9.144581533116565852e-01
9.132555342746424554e-01
9.131998574673735325e-01
9.089016079461939013e-01
9.105607768028151083e-01
9.120974566834439967e-01
9.122199456594360933e-01
9.108057547547994126e-01
9.089795554763708818e-01
9.068861075230502111e-01
9.095585942719700556e-01
9.146251837334640200e-01
9.084005166807714859e-01
9.125317357801434603e-01
9.126542247561356680e-01
9.099594672843080989e-01
9.142688521669414259e-01
9.085118702953098868e-01
9.083559752349561478e-01
9.103714756580999490e-01
9.084673288494943266e-01
9.087234421629325487e-01
9.112623045744063788e-01
9.080887265600641189e-01
