9.033926585094549377e-01
8.975862068965517748e-01
8.971746384872079094e-01
8.842936596218020640e-01
8.948387096774192973e-01
8.840823136818687367e-01
8.815572858731923755e-01
8.947830923248054624e-01
8.987096774193548132e-01
8.829032258064516414e-01
8.825139043381536874e-01
9.014794215795327581e-01
8.980200222469411075e-01
8.903337041156840215e-01
8.979644048943270507e-01
9.033370411568409919e-01
8.979310344827586832e-01
9.026918798665182209e-01
8.893103448275861966e-01
8.977308120133482561e-01
9.045272525027808763e-01
9.007897664071189414e-01
8.870077864293659520e-01
8.945050055617352891e-01
8.936151279199110453e-01
8.950723025583983139e-01
8.957953281423803871e-01
8.891546162402670372e-01
8.928142380422691149e-01
8.901223581757506942e-01
8.992658509454949378e-01
8.697775305895438791e-01
9.142714126807564012e-01
9.009566184649610010e-01
9.006451612903226822e-01
8.896106785317019483e-01
9.027586206896551779e-01
8.970967741935483852e-01
9.048609566184649955e-01
8.988320355951057161e-01
9.008787541713014768e-01
8.982758620689654805e-01
8.967853170189098444e-01
8.942936596218020728e-01
9.035372636262514190e-01
9.031145717463848754e-01
8.958175750834260764e-01
9.005339265850944575e-01
8.999555061179088655e-01
8.991546162402669351e-01
8.997775305895440168e-01
9.050278086763070551e-01
8.859733036707452269e-01
9.016240266963292393e-01
8.995216907675194218e-01
8.934482758620689857e-01
9.067185761957730072e-01
8.927474972191323799e-01
9.018242491657396664e-01
8.654171301446051956e-01
8.929477196885428070e-01
9.020578420467185721e-01
8.963626251390434119e-01
9.032369299221356673e-01
9.046607341490544574e-01
9.025862068965515572e-01
8.985539488320355428e-01
9.056284760845384474e-01
9.078976640711901025e-01
9.022358175750833098e-01
9.050834260289210009e-01
9.017018909899888746e-01
9.036818687430479002e-01
9.053392658509453739e-01
9.029699666295885052e-01
9.004338153503893549e-01
8.989432703003336078e-01
8.919243604004449821e-01
8.970077864293659609e-01
8.995661846496106895e-01
9.047830923248054713e-01
8.915350389321468061e-01
8.970522803114571175e-01
9.025472747497218506e-01
9.067519466073414858e-01
9.026807563959955427e-01
9.050945494994437901e-01
9.077308120133481539e-01
9.012791991101223310e-01
8.844048943270301777e-01
9.003893214682980872e-01
8.986651835372636565e-01
9.033704115684093594e-01
8.948164627363738299e-01
9.064404894327029449e-01
8.984538375973304403e-01
9.003448275862068195e-01
9.046384872080089901e-01
8.998220244716351734e-01
8.948387096774192973e-01
9.036151279199109432e-01
8.996662958843159030e-01
8.945606229143492349e-01
8.952280311457174733e-01
8.999555061179087545e-01
9.000222469410454895e-01
9.019243604004449910e-01
8.916462736373749198e-01
9.024805339265851156e-01
8.847163515016684965e-01
8.983426028921023265e-01
8.895550611790878914e-01
8.979866518353726290e-01
9.087652947719688790e-01
8.749054505005562365e-01
8.873303670745272820e-01
8.956173526140156493e-01
8.912791991101223221e-01
8.976751946607341992e-01
8.910567296996662057e-01
9.001001112347053468e-01
7.350055617352614368e-01
8.987652947719688701e-01
8.820022246941046085e-01
9.009677419354839012e-01
8.681423804226918728e-01
8.992769744160178380e-01
8.946718576195773487e-01
8.982758620689655915e-01
8.964182424916573577e-01
8.871746384872081226e-01
8.884427141268076422e-01
8.942825361512792837e-01
8.821023359288098220e-01
8.960622914349276602e-01
8.953948832035595329e-01
9.035483870967742082e-01
8.948609566184649866e-01
8.978197997775304584e-01
8.968186874304782119e-01
8.990989988876529893e-01
8.986985539488321351e-01
8.937263626251390480e-01
8.912235817575083763e-01
8.973081201334816015e-01
9.016907675194661964e-01
8.996662958843159030e-01
8.959844271412681360e-01
9.001112347052280249e-01
9.020467185761957829e-01
8.935372636262514101e-01
8.972969966629589234e-01
8.976751946607341992e-01
8.796329254727475178e-01
8.989766407119021974e-01
8.978086763070076692e-01
9.008231368186874199e-01
8.907786429365963654e-01
9.055839822024470687e-01
8.990100111234705649e-01
8.981090100111235319e-01
9.014015572858731229e-01
9.023581757508342127e-01
8.986874304783091238e-01
9.068186874304783318e-01
9.035150166852057296e-01
8.996885428253615924e-01
9.052836484983314280e-01
9.043715239154617169e-01
9.041824249165739680e-01
9.093659621802001602e-01
8.995105672969966326e-01
8.977419354838709342e-01
9.009899888765294795e-01
9.004004449388208764e-01
8.969744160177974823e-01
9.043937708565071842e-01
9.008898776418243770e-01
9.097107897664070686e-01
9.020244716351502046e-01
9.030589543937708186e-01
9.008342602892102091e-01
9.067853170189098533e-01
8.939377085650723753e-01
8.944827586206897108e-01
9.030923248053392971e-01
9.024916573971079048e-01
9.001890989988877712e-01
9.048164627363736168e-01
9.019132369299222018e-01
9.017741935483871707e-01
9.076863181312569973e-01
9.137597330367074333e-01
9.048498331479420953e-01
9.045383759733036655e-01
9.020689655172414723e-01
9.082758620689654894e-01
9.091768631813126333e-01
9.069855394883203914e-01
9.068409343715240212e-01
9.107230255839822153e-01
9.056507230255840257e-01
9.053948832035595418e-01
9.041601779755283896e-01
9.037708565072303246e-01
9.016351501668520285e-01
8.978531701890990480e-01
9.034816462736373621e-01
9.082313681868743327e-01
9.048609566184651065e-01
9.083759733036707029e-01
9.041045606229143328e-01
9.053837597330367526e-01
9.049165739710790524e-01
9.006785317018910497e-01
8.983982202447164944e-01
8.990767519466072999e-01
8.979532814238042615e-01
9.034037819799777269e-01
9.025139043381535942e-01
9.080088987764183273e-01
9.026807563959955427e-01
8.991323692992213568e-01
8.964182424916573577e-01
9.056618464961068149e-01
9.091101223581756763e-01
8.985539488320356538e-01
9.112347052280311832e-01
9.102447163515017259e-01
9.060845383759732474e-01
9.036818687430477892e-01
9.102780867630700934e-01
8.994549499443826868e-01
8.990656284760845107e-01
8.982202447163515346e-01
9.059288097886540880e-01
9.073303670745271887e-01
9.087208008898777223e-01
9.025250278086763833e-01
9.010344827586206362e-01
9.088097886540601467e-01
8.944605116796441324e-01
9.026696329254727535e-01
8.969744160177975933e-01
8.948720800889877758e-01
8.920912124582869307e-01
9.054393770856505874e-01
9.073637374860956673e-01
9.036151279199110542e-01
9.019911012235817260e-01
9.014460511679643906e-01
8.943604004449388079e-01
9.036596218020023219e-01
9.014238042269188123e-01
9.000222469410456005e-01
9.009566184649612230e-01
8.971301446051168638e-01
8.914349276974417036e-01
8.981090100111235319e-01
8.957397107897664412e-01
8.971301446051167527e-01
8.943159065628476512e-01
8.998331479421580736e-01
8.968075639599556448e-01
9.031813125695217215e-01
8.956618464961068060e-01
9.030923248053392971e-01
8.944605116796440214e-01
9.031256952169076646e-01
8.977864293659622019e-01
8.930033370411568638e-01
8.930700778642937099e-01
9.026918798665184429e-01
9.030812013348165079e-01
9.042714126807565034e-01
9.032035595105672998e-01
8.986874304783093459e-01
8.991546162402669351e-01
9.002558398220245062e-01
8.997441601779755382e-01
9.045717463848721440e-01
8.936262513904339455e-01
8.980422691879867969e-01
8.943604004449389189e-01
9.014460511679643906e-01
9.029143492769743373e-01
9.061957730812012501e-01
8.967408231368185767e-01
9.086985539488321439e-01
9.024026696329254804e-01
9.042269187986651247e-01
9.034816462736374731e-01
8.987430478309231807e-01
8.984315906562846399e-01
9.001112347052280249e-01
9.057842046718576068e-01
9.064293659621802668e-01
9.050611790878754226e-01
8.982202447163514236e-01
9.010678531701891147e-01
8.996440489432702137e-01
9.039377085650722732e-01
8.988987764182424511e-01
9.023915461624028023e-01
9.029699666295883942e-01
9.034927697441601513e-01
9.046384872080089901e-01
9.017018909899888746e-01
9.060622914349276691e-01
9.055506117908788122e-01
9.072636262513903427e-01
9.043492769744160276e-01
9.103114571746385719e-01
8.993325917686317839e-01
9.041156840934372330e-01
9.087986651835372465e-01
9.049833147942157874e-01
8.981757508342602669e-01
9.032814238042269350e-01
9.013014460511679093e-01
9.003337041156840304e-01
9.041824249165739680e-01
9.036151279199109432e-01
9.097441601779755471e-01
9.026140155728588077e-01
9.097330367074527580e-01
9.040489432703003869e-01
9.033815350389322596e-01
9.090211345939933629e-01
9.038932146829810055e-01
9.034260289210234163e-01
9.049721913236929982e-01
9.039933259176863301e-01
9.012791991101223310e-01
9.056173526140156582e-01
9.073859844271412456e-01
9.033704115684093594e-01
9.051167964404894795e-01
9.072525027808676645e-01
9.088320355951057250e-01
9.030144605116796619e-01
9.066184649610679047e-01
9.036484983314794217e-01
9.139265850945494929e-01
9.097552836484983363e-01
9.068186874304782208e-01
9.059510567296997774e-01
8.982758620689654805e-01
8.998665183537263301e-01
9.019354838709676692e-01
9.062513904338154180e-01
9.081312569521690081e-01
9.080088987764183273e-01
9.092658509454951687e-01
9.022135706340378425e-01
8.927919911012236476e-01
9.062625139043382072e-01
8.968631813125694796e-01
9.029365962180200267e-01
9.098665183537264500e-01
9.034705228031145730e-01
9.069299221357063345e-01
9.043715239154616059e-01
9.022580645161289992e-01
9.035928809788653648e-01
9.019688542825361477e-01
9.050723025583982118e-01
9.026028921023359075e-01
9.111679644048942261e-01
9.027030033370411211e-01
9.032369299221358894e-01
9.054505005561735986e-01
9.034037819799777269e-01
9.019577308120133585e-01
9.037374860956618461e-01
9.040378197997774867e-01
8.911679644048943194e-01
9.070411568409344483e-01
8.965850945494995283e-01
9.013125695216908095e-01
8.970522803114571175e-01
9.050611790878754226e-01
8.974193548387097152e-01
9.020355951056728827e-01
