8.204183411071902521e-01
8.142623370551368422e-01
8.140619607930447144e-01
8.080729369594015221e-01
8.260734045040131202e-01
8.313165833620909106e-01
8.213645623448475597e-01
7.752112299762888847e-01
8.318286560318821632e-01
8.256837839943895752e-01
8.213868263739688702e-01
8.091082143135441829e-01
7.956941367679308819e-01
8.253943516158117610e-01
8.270641537999132709e-01
8.300586657167348115e-01
8.960715120615377893e-01
9.159978181251462459e-01
9.051663679576094079e-01
9.190034620565283863e-01
9.120459529561064649e-01
9.148846166690786097e-01
8.994667765025435857e-01
9.151629170330954910e-01
8.969732052409523648e-01
9.098974741458961679e-01
9.122908572764412138e-01
9.134597188053122929e-01
9.032182654094910168e-01
9.039418463559349970e-01
9.018935556767708750e-01
8.778595362402734636e-01
9.505961193797241027e-01
9.359797842615578123e-01
9.234006078079950441e-01
9.390410882657435065e-01
9.382507152319354837e-01
9.284656744331022393e-01
9.362692166401354044e-01
9.398648573432333286e-01
9.458650131914372317e-01
9.376718504747804106e-01
9.404325900858276910e-01
9.429484253765404445e-01
9.251372020794601525e-01
9.458427491623158101e-01
9.242911689728490199e-01
9.391078803531075492e-01
9.548040208836592324e-01
9.543253442575502232e-01
9.509412118311051376e-01
9.560174104707729326e-01
9.541694960537009385e-01
9.541583640391401167e-01
9.486814128752880659e-01
9.533568589907716051e-01
9.535015751800601791e-01
9.559394863688481792e-01
9.509189478019837161e-01
9.500395186516903401e-01
9.476572675357058939e-01
9.572530640870078322e-01
9.494272578508533567e-01
9.534793111509389796e-01
9.603477641348755478e-01
9.582994734557113148e-01
9.604590842804822115e-01
9.566964633589740696e-01
9.618728501296880395e-01
9.580211730916943225e-01
9.599581436252517808e-01
9.512417762242433295e-01
9.584998497178035537e-01
9.589562623147911413e-01
9.628413353964666577e-01
9.528336543064198638e-01
9.660696196190624585e-01
9.613607774598968980e-01
9.587670180672596132e-01
9.614387015618215404e-01
9.656688670948780917e-01
9.649452861484342225e-01
9.658247152987275985e-01
9.690975275795661315e-01
9.640435929690195360e-01
9.661586757355478117e-01
9.667709365363850171e-01
9.580990971936191869e-01
9.651345303959657507e-01
9.671048969732052303e-01
9.600805957854192663e-01
9.628413353964667687e-01
9.651901904687690825e-01
9.641883091583083321e-01
9.587781500818204350e-01
9.624294508577216911e-01
9.652569825561331252e-01
9.629860515857554537e-01
9.618617181151273288e-01
9.631196357604835390e-01
9.635537843283498161e-01
9.688192272155492502e-01
9.630083156148767642e-01
9.678396099342096992e-01
9.609711569502732420e-01
9.684630027496075044e-01
9.695650721911145409e-01
9.694203560018257448e-01
9.706226135743786232e-01
9.694092239872650341e-01
9.656354710511961814e-01
9.682848905166367981e-01
9.666373523616569319e-01
9.674611214391468650e-01
9.706782736471819550e-01
9.692088477251727952e-01
9.735058053455933891e-01
9.661809397646692332e-01
9.632754839643329348e-01
9.725261880642540602e-01
9.726709042535427452e-01
9.678507419487705210e-01
9.712571384043370282e-01
9.705780855161357801e-01
9.707450657345459977e-01
9.653126426289365680e-01
9.642996293039152178e-01
9.632532199352117352e-01
8.250269951353096376e-01
8.277320746735536972e-01
8.249935990916275053e-01
8.316171477552293245e-01
8.317952599882000309e-01
8.353686366621766446e-01
8.233571929512084608e-01
8.361478776814239566e-01
8.250381271498702374e-01
8.094421747503646181e-01
7.880130467210650913e-01
8.172345849428370723e-01
8.222439914951409357e-01
8.261179325622557412e-01
8.389308813215927696e-01
8.330086495753137310e-01
9.117342565484075623e-01
9.041978826908305678e-01
9.197493070320935660e-01
9.205730761095836101e-01
9.141387716935134300e-01
9.042869388073160319e-01
9.108436953835535865e-01
9.124467054802908317e-01
9.151406530039740694e-01
9.109550155291602502e-01
9.133706626888267177e-01
9.155302735135978365e-01
9.125691576404582062e-01
9.087508766461467324e-01
8.997562088811211778e-01
9.031960013803697063e-01
9.417127717603054338e-01
9.428259732163728479e-01
9.445069074150349575e-01
9.453974685798890443e-01
9.412452271487571354e-01
9.436052142356202710e-01
9.436497422938630031e-01
9.394641048190491839e-01
9.437276663957875344e-01
9.442174750364572544e-01
9.402656098674176954e-01
9.403880620275850699e-01
9.433046498424819681e-01
9.374714742126881717e-01
9.383842994066636800e-01
9.429484253765404445e-01
9.631752958332868708e-01
9.477463236521913581e-01
9.597577673631596529e-01
9.563291068784718352e-01
9.530117665393906812e-01
9.541472320245796279e-01
9.462546337010607767e-01
9.549932651311908716e-01
9.570081597666729722e-01
9.533902550344536264e-01
9.509857398893477587e-01
9.515980006901848531e-01
9.553494895971325063e-01
9.576538166111921990e-01
9.581102292081797867e-01
9.533902550344536264e-01
9.643998174349612817e-01
9.624739789159643122e-01
9.657579232113634449e-01
9.611826652269260807e-01
9.634647282118644629e-01
9.630973717313622284e-01
9.627188832362992832e-01
9.632977479934543563e-01
9.584107936013180895e-01
9.614164375327003409e-01
9.595907871447495463e-01
9.604590842804823225e-01
9.553383575825717955e-01
9.634535961973038631e-01
9.605258763678461431e-01
9.593904108826574184e-01
9.622402066101902740e-01
9.631864278478476926e-01
9.585443777760460637e-01
9.648896260756308907e-01
9.610045529939552633e-01
9.661698077501086335e-01
9.657133951531208238e-01
9.690196034776413780e-01
9.664035800558826717e-01
9.668933886965523916e-01
9.681179102982266915e-01
9.687635671427459183e-01
9.666373523616569319e-01
9.658803753715309304e-01
9.637875566341239653e-01
9.610824770958800167e-01
9.608821008337878888e-01
9.668154645946276382e-01
9.625519030178891766e-01
9.686299829680176110e-01
9.675279135265109076e-01
9.712460063897763174e-01
9.720252474090236294e-01
9.679954581380593170e-01
9.654907548619072744e-01
9.672273491333727158e-01
9.664258440850040932e-01
9.648339660028275588e-01
9.698656365842526217e-01
9.670826329440839197e-01
9.704890293996504269e-01
9.689416793757166246e-01
9.689639434048380462e-01
9.670715009295232090e-01
9.703999732831650737e-01
9.683850786476828620e-01
9.715131747392325989e-01
9.664703721432467143e-01
9.587781500818203240e-01
9.674722534537074647e-01
9.685186628224109473e-01
9.680733822399839594e-01
9.684296067059254831e-01
9.722144916565551576e-01
9.698322405405707114e-01
9.714129866081864240e-01
9.688526232592312715e-01
9.703109171666796096e-01
8.364707061036835700e-01
8.354910888223441301e-01
8.244481303781545645e-01
8.268971735815030533e-01
8.459440504948181339e-01
8.246373746256860926e-01
8.335875143324686931e-01
8.227671961794926769e-01
8.361701417105453782e-01
8.284111275617548342e-01
8.375839075597510952e-01
8.392982378020950041e-01
8.302924380225089607e-01
8.363037258852735745e-01
8.268303814941388996e-01
8.245260544800792069e-01
9.175229041199586266e-01
9.166100789259831183e-01
9.075040910153511220e-01
9.021941200699090668e-01
9.067137179815432102e-01
9.227326869343545068e-01
9.190145940710890970e-01
9.107991673253108544e-01
9.129921741937637725e-01
9.122574612327594146e-01
8.994890405316650073e-01
9.141944317663167618e-01
9.175451681490799372e-01
9.095969097527579761e-01
9.184913893867372447e-01
9.072591866950161510e-01
9.489040531665016154e-01
9.389854281929399527e-01
9.455533167837383290e-01
9.414010753526065312e-01
9.444512473422315146e-01
9.413454152798031993e-01
9.480023599870868178e-01
9.428259732163730700e-01
9.437499304249089560e-01
9.374492101835668612e-01
9.523549776803108546e-01
9.448965279246585025e-01
9.482250002783003673e-01
9.422137124155357535e-01
9.418686199641548296e-01
9.487816010063341299e-01
9.569302356647483299e-01
9.589451303002304305e-01
9.560396744998941321e-01
9.543587403012323556e-01
9.516091327047456749e-01
9.561287306163795963e-01
9.552493014660863313e-01
9.536796874130311075e-01
9.561955227037436389e-01
9.562177867328649494e-01
9.544032683594750877e-01
9.576983446694348201e-01
9.567075953735347804e-01
9.544700604468390193e-01
9.576204205675100667e-01
9.587781500818203240e-01
9.609822889648339528e-01
9.578653248878450377e-01
9.584330576304394000e-01
9.610156850085159741e-01
9.569747637229909509e-01
9.606038004697710075e-01
9.632643519497723350e-01
9.621956785519475419e-01
9.625185069742070443e-01
9.615834177511104475e-01
9.614387015618216514e-01
9.579098529460876588e-01
9.603255001057542373e-01
9.646335897407354310e-01
9.584441896449999998e-01
9.632309559060903137e-01
9.694314880163863446e-01
9.655798109783927385e-01
9.699101646424953538e-01
9.671939530896905834e-01
9.600917277999799770e-01
9.640213289398982255e-01
9.695984682347964512e-01
9.660584876045017477e-01
9.702441250793156780e-01
9.702107290356336566e-01
9.653015106143758572e-01
9.656688670948782027e-01
9.681401743273481131e-01
9.663590519976399396e-01
9.668377286237490598e-01
9.669379167547950127e-01
9.657356591822422454e-01
9.711680822878516750e-01
9.679731941089378955e-01
9.694203560018257448e-01
9.675501775556322182e-01
9.668711246674310811e-01
9.659694314880163946e-01
9.675947056138749502e-01
9.681847023855907342e-01
9.718137391323707908e-01
9.708118578219100403e-01
9.695428081619930083e-01
9.670047088421591663e-01
9.665705602742927782e-01
9.699769567298592854e-01
9.677505538177243460e-01
9.695094121183109870e-01
9.717803430886888805e-01
9.721588315837517147e-01
9.677394218031637463e-01
9.696318642784784725e-01
9.684741347641683262e-01
9.723926038895258639e-01
9.694982801037502762e-01
9.665594282597321785e-01
9.695428081619930083e-01
9.700214847881021285e-01
9.694982801037503872e-01
9.728712805156348731e-01
9.730493927486056904e-01
9.696875243512818043e-01
9.700437488172234390e-01
