7.204133446171663291e-01
7.240880138969310043e-01
7.270277493207429886e-01
7.311366976972073495e-01
7.374393122800765310e-01
7.253240390183064434e-01
7.178188053984232431e-01
7.441427998752840889e-01
7.305799296245156782e-01
7.419936751146941623e-01
7.457128858402743976e-01
7.302347334194467798e-01
7.452340652977597069e-01
7.055699077992071411e-01
7.586299051267204607e-01
7.444768607188989584e-01
8.126141374549017415e-01
8.292169613825663976e-01
8.128479800454323501e-01
8.149748340831144411e-01
8.131040933588704611e-01
8.219344349917598880e-01
8.089060620907754240e-01
8.247516814395795537e-01
8.087724377533294096e-01
8.164112957106588464e-01
8.221460068593826609e-01
8.203532136653155504e-01
8.119014743218566643e-01
8.043294285332501792e-01
8.022916573871989865e-01
8.241837780054339646e-01
8.493942363369114679e-01
8.516881207964011047e-01
8.533250189301144761e-01
8.503296066990334579e-01
8.636809050821790956e-01
8.487261146496815067e-01
8.686806823749498863e-01
8.593047080308227059e-01
8.621999020088191301e-01
8.551512182085431180e-01
8.574116965836711124e-01
8.558193398957730791e-01
8.406529775956527173e-01
8.541935771235134034e-01
8.510422698320786461e-01
8.420560331388355912e-01
8.938688699835196649e-01
8.910070820898845501e-01
8.891586120885482947e-01
8.891586120885484057e-01
8.797715023829675296e-01
8.843926773863080015e-01
8.792592757560910854e-01
8.969533651062313595e-01
8.581800365239856676e-01
8.843258652175851608e-01
8.596944456817068314e-01
8.855730257004141848e-01
8.861966059418286967e-01
8.875217139548348122e-01
8.904057725713776517e-01
8.846376553382924168e-01
8.766814395795288206e-01
8.909848113669770475e-01
8.880116698588036428e-01
9.017749766157410196e-01
9.074094695113803510e-01
8.974433210101999681e-01
8.981448487817914605e-01
8.840140750968776828e-01
8.901385238964856228e-01
9.016747583626565365e-01
8.961182129971939636e-01
9.078326132466261189e-01
8.823215001558950554e-01
8.947151574540109786e-01
8.861966059418289188e-01
9.001158077591198126e-01
9.018863302302793095e-01
9.048037949311835693e-01
9.031891675203778114e-01
9.017192998084717637e-01
9.060509554140128152e-01
9.030778139058394105e-01
8.982450670348759436e-01
9.045810877021068785e-01
9.019531423990023722e-01
9.074540109571958002e-01
9.086120885483943699e-01
8.954278205870562779e-01
9.051489911362524676e-01
9.062068504743663322e-01
9.020979020979020824e-01
9.013963743263107009e-01
9.037904770388847098e-01
9.040354549908691251e-01
9.024987751102401257e-01
9.118858848158211128e-01
9.122978931896129628e-01
9.034007393880005843e-01
9.044808694490222845e-01
9.072313037281189985e-01
9.044585987261146709e-01
8.916195269698454773e-01
9.073426573426572883e-01
9.189679747004588783e-01
9.078214778851720901e-01
9.116075007794752771e-01
9.044363280032070573e-01
9.077435303549953316e-01
9.129660148768428130e-01
9.050933143289831007e-01
9.083893813193176792e-01
9.049040131842680523e-01
9.143022582513028462e-01
9.145806422876486819e-01
9.222417709678856212e-01
9.092356687898089929e-01
8.838581800365238328e-01
9.114516057191215381e-01
9.067747539085119213e-01
9.058171128234822067e-01
8.859404926283906967e-01
9.154269297581399956e-01
9.086232239098480656e-01
9.018417887844638603e-01
7.461583002984277790e-01
7.493318783127700389e-01
7.491314418066010727e-01
7.530510890383502742e-01
7.478286045165025708e-01
7.446772972250679246e-01
7.453899603581131128e-01
7.345775243864414161e-01
7.421272994521401767e-01
7.496993452407465508e-01
7.497327513251080822e-01
7.483296957819250972e-01
7.485189969266403676e-01
7.422052469823170462e-01
7.367489198699389563e-01
7.441316645138300601e-01
8.318226359627634015e-01
8.218676228230369363e-01
8.282704556589907119e-01
8.146741793238609919e-01
8.274130328270457024e-01
8.114337891407955583e-01
8.171796356509732906e-01
8.038728787136429910e-01
8.217785399314061490e-01
8.107322613692040658e-01
8.212440425816220912e-01
8.266112868023696159e-01
8.152309473965525521e-01
8.141174112511693206e-01
8.248184936083025054e-01
8.250077947530176647e-01
8.592935726693687881e-01
8.515767671818628148e-01
8.686361409291345481e-01
8.654068861075230323e-01
8.623557970691729802e-01
8.650728252639081628e-01
8.394058171128235823e-01
8.565431383902721851e-01
8.454968598280701020e-01
8.395951182575387417e-01
8.586143156206850202e-01
8.524230546523541285e-01
8.530689056166763651e-01
8.532359360384837998e-01
8.607077635740055799e-01
8.557191216426884850e-01
9.022649325197095171e-01
8.945703977551111574e-01
8.985011803483142767e-01
8.899158166674092652e-01
8.889024987751101836e-01
8.827891853369560504e-01
8.908289163066231975e-01
8.859070865440291653e-01
8.717317714133001605e-01
8.977996525767226732e-01
8.938131931762505200e-01
8.799608035276824669e-01
8.916083916083915595e-01
8.945592623936573506e-01
8.868869983519666045e-01
8.879559930515344979e-01
9.023762861342479180e-01
8.989577301679212429e-01
8.790254331655605879e-01
8.980557658901607843e-01
9.001826199278427643e-01
9.066411295710660179e-01
9.003719210725580346e-01
8.986682107701216005e-01
9.075096877644648341e-01
8.962295666117321424e-01
9.044920048104760912e-01
8.998040176384125566e-01
8.992583849271746921e-01
9.011848024586878170e-01
8.972206137811233884e-01
8.769431205736939461e-01
9.061289029441895737e-01
9.115295532492985187e-01
9.066188588481582933e-01
8.998485590842277837e-01
9.094806467417932971e-01
9.055721348714979024e-01
9.130996392142889384e-01
9.116409068638366975e-01
9.022092557124403722e-01
9.073203866197496748e-01
9.032671150505544588e-01
8.985011803483141657e-01
9.035566344483543233e-01
9.026435348091399469e-01
9.087011714400248241e-01
8.976103514320075138e-01
9.081666740902409884e-01
9.017081644470179569e-01
9.082891630662331961e-01
9.071644915593961578e-01
9.200815108458421099e-01
9.085675471025789207e-01
9.089350140305554326e-01
9.144358825887487496e-01
9.114404703576678424e-01
9.051601264977061634e-01
9.051155850518909363e-01
9.083225691505947275e-01
9.083893813193175681e-01
9.107278072246225431e-01
9.155048772883167540e-01
9.017749766157409086e-01
9.089684201149169640e-01
9.169302035544073526e-01
9.083448398735023410e-01
9.127655783706740689e-01
9.215068371119327084e-01
9.152933054206939811e-01
9.026546701705937537e-01
9.021090374593558892e-01
9.106832657788070939e-01
9.145917776491025997e-01
9.110618680682375237e-01
9.071088147521269018e-01
9.158055320475703143e-01
9.103603402966460312e-01
9.130773684913813248e-01
9.085007349338560800e-01
7.704222529063292635e-01
7.464700904191350350e-01
7.561801256068773069e-01
7.508685581933989273e-01
7.382410583047527286e-01
7.406574317402343510e-01
7.383078704734755693e-01
7.441984766825531228e-01
7.516146274108057579e-01
7.516146274108057579e-01
7.423500066812168674e-01
7.521045833147743664e-01
7.480513117455792615e-01
7.502449779519844153e-01
7.505790387955992848e-01
7.579951895238520310e-01
8.367221950024498200e-01
8.178588926996570585e-01
8.316110640951404065e-01
8.307870473475569284e-01
8.120685047436639881e-01
8.387822368714088483e-01
8.331811500601309373e-01
8.211995011358070862e-01
8.308872656006414115e-01
8.134826956483007798e-01
8.346955592178522121e-01
8.221682775822903855e-01
8.139392454679079680e-01
8.300409781301500978e-01
8.060999510044096761e-01
8.061222217273171786e-01
8.663533918310988291e-01
8.587479399581310346e-01
8.654625629147920662e-01
8.523562424836310658e-01
8.594717384526302517e-01
8.562202129081110114e-01
8.668990245423366936e-01
8.644603803839471245e-01
8.590374593559306771e-01
8.623446617077190623e-01
8.532248006770299931e-01
8.669769720725133411e-01
8.634359271301946803e-01
8.609527415259898842e-01
8.651173667097233899e-01
8.543383368224133356e-01
8.970758540822235672e-01
8.870428934123202325e-01
8.970313126364082290e-01
8.789474856353837184e-01
8.890695291969177294e-01
8.838804507594316684e-01
8.889470402209256328e-01
8.791256514186449600e-01
8.852723709411608466e-01
8.857845975680371797e-01
8.822212819028105724e-01
8.972985613113002579e-01
8.981782548661528809e-01
8.947708342612801236e-01
8.867867800988821214e-01
8.898601398601397872e-01
8.965524920938933162e-01
9.025433165560554638e-01
8.949490000445413651e-01
8.976214867934613206e-01
9.058171128234822067e-01
8.852612355797070398e-01
8.945258563092958193e-01
9.056055409558594338e-01
8.954389559485100847e-01
8.969088236604159103e-01
9.081332680058795681e-01
9.080775911986103122e-01
9.037348002316155648e-01
9.047035766780990862e-01
9.017415705313795993e-01
9.033005211349161012e-01
9.045254108948377336e-01
9.033005211349161012e-01
8.964300031179013306e-01
8.973876442029308231e-01
9.007505233619883533e-01
9.006391697474499525e-01
9.024542336644247875e-01
9.055164580642287575e-01
8.992695202886284989e-01
9.054385105340518880e-01
8.997928822769587498e-01
9.057168945703977236e-01
9.102712574050154659e-01
9.109727851766067364e-01
9.100819562603001955e-01
9.034230101109083089e-01
9.115184178878447119e-01
9.090686383680014471e-01
9.107723486704377702e-01
9.073871987884726265e-01
9.114738764420293737e-01
9.060954968598281534e-01
9.110730034296914415e-01
9.017749766157409086e-01
8.993251970958977548e-01
9.091243151752707030e-01
9.047815242082757337e-01
9.076210413790033460e-01
9.108280254777071372e-01
9.087345775243863555e-01
9.055053227027749507e-01
8.995033628791591074e-01
9.083114337891406986e-01
9.088347957774709496e-01
9.053048861966059846e-01
9.170304218074918357e-01
8.998262883613201701e-01
9.068415660772348730e-01
9.119749677074517891e-01
9.134671061422654503e-01
9.177653556634448595e-01
9.021090374593560002e-01
9.042581622199457048e-01
9.097478954166852150e-01
9.017415705313793772e-01
9.120974566834438857e-01
9.028885127611243622e-01
9.055498641485901778e-01
