9.621400184791442101e-01
9.622958666829936059e-01
9.566853313444132478e-01
9.614275695472610517e-01
9.661364117064265011e-01
9.613496454453362983e-01
9.630973717313621174e-01
9.633311440371363776e-01
9.629415235275128326e-01
9.624183188431609803e-01
9.598134274359630957e-01
9.622736026538722953e-01
9.642439692311117749e-01
9.617170019258385327e-01
9.633756720953789987e-01
9.593792788680968187e-01
9.658247152987275985e-01
9.635426523137893273e-01
9.625741670470104872e-01
9.634535961973038631e-01
9.661920717792298330e-01
9.676614977012389929e-01
9.698990326279346430e-01
9.634535961973037521e-01
9.656911311239995133e-01
9.640881210272622681e-01
9.664592401286860035e-01
9.629192594983914111e-01
9.643886854204004599e-01
9.650677383086017080e-01
9.639211408088521615e-01
9.656132070220748709e-01
9.644220814640824813e-01
9.644332134786431920e-01
9.654796228473466746e-01
9.630862397168015177e-01
9.669045207111131024e-01
9.665928243034143108e-01
9.656354710511961814e-01
9.639768008816556044e-01
9.667598045218243064e-01
9.690863955650053096e-01
9.639434048379734721e-01
9.674945174828288863e-01
9.675947056138750613e-01
9.668154645946277492e-01
9.693869599581437235e-01
9.658469793278490201e-01
9.702552570938762777e-01
9.670381048858411877e-01
9.670937649586446305e-01
9.667264084781422850e-01
9.689750754193986459e-01
9.666039563179749106e-01
9.617726619986418646e-01
9.642551012456723747e-01
9.682737585020761983e-01
9.685075308078503475e-01
9.684184746913648834e-01
9.629192594983914111e-01
9.694871480891896764e-01
9.652681145706938359e-01
9.658024512696062880e-01
9.662365998374726761e-01
9.672830092061759366e-01
9.702329930647548561e-01
9.638543487214881189e-01
9.670826329440838087e-01
9.662143358083512545e-01
9.675613095701929289e-01
9.678618739633311208e-01
9.690641315358841101e-01
9.687635671427456963e-01
9.672718771916153369e-01
9.685965869243357007e-01
9.687413031136244967e-01
9.672273491333727158e-01
9.637652926050026547e-01
9.676948937449209032e-01
9.656020750075141601e-01
9.651122663668443291e-01
9.663479199830792288e-01
9.703777092540436522e-01
9.659137714152130627e-01
9.638877447651701402e-01
9.678952700070131421e-01
9.698322405405706004e-01
9.650566062940411083e-01
9.647894379445847157e-01
9.697431844240852472e-01
9.670715009295232090e-01
9.678396099342098102e-01
9.617949260277631751e-01
9.690752635504447099e-01
9.646669857844174523e-01
9.682960225311973979e-01
9.682626264875154876e-01
9.703331811958010311e-01
9.718693992051741226e-01
9.726041121661785915e-01
9.692867718270976596e-01
9.699435606861772641e-01
9.685409268515323689e-01
9.688414912446705607e-01
9.696096002493572730e-01
9.671382930168872516e-01
9.683739466331221513e-01
9.693758279435829017e-01
9.690196034776412670e-01
9.687969631864277176e-01
9.688637552737918712e-01
9.671494250314478514e-01
9.666596163907782424e-01
9.649898142066769546e-01
9.715799668265966416e-01
9.675279135265109076e-01
9.693869599581437235e-01
9.684184746913648834e-01
9.699212966570560646e-01
9.643330253475972391e-01
9.689639434048380462e-01
9.672718771916153369e-01
9.700882768754661711e-01
9.703888412686043630e-01
9.690529995213232883e-01
9.691865836960514846e-01
9.689416793757165136e-01
9.708563858801528834e-01
9.631085037459228282e-01
9.621845465373869422e-01
9.668265966091884600e-01
9.647449098863420947e-01
9.657579232113635559e-01
9.627968073382239256e-01
9.644554775077647246e-01
9.616390778239137793e-01
9.642105731874297536e-01
9.665761262815731891e-01
9.622179425810688524e-01
9.622736026538722953e-01
9.556500539902705871e-01
9.635092562701071950e-01
9.649452861484342225e-01
9.654128307599825209e-01
9.634424641827431524e-01
9.667486725072635956e-01
9.653126426289365680e-01
9.646447217552961417e-01
9.669267847402344129e-01
9.643330253475971281e-01
9.608264407609845570e-01
9.633868041099398205e-01
9.651122663668443291e-01
9.666150883325355103e-01
9.650454742794803975e-01
9.672273491333727158e-01
9.651456624105264614e-01
9.665371642306108679e-01
9.660473555899411480e-01
9.677728178468456566e-01
9.686077189388963005e-01
9.685075308078502365e-01
9.679509300798165849e-01
9.676614977012389929e-01
9.662922599102760080e-01
9.667598045218244174e-01
9.660250915608198374e-01
9.650009462212376654e-01
9.673943293517828224e-01
9.651456624105263504e-01
9.695762042056751406e-01
9.633088800080151781e-01
9.668711246674310811e-01
9.661475437209872119e-01
9.661586757355479227e-01
9.663479199830793398e-01
9.690752635504447099e-01
9.675947056138749502e-01
9.693758279435829017e-01
9.680511182108626489e-01
9.662254678229119653e-01
9.685186628224110583e-01
9.700771448609054604e-01
9.651122663668445512e-01
9.668488606383097705e-01
9.655909429929533383e-01
9.660028275316985269e-01
9.654239627745433427e-01
9.683294185748794192e-01
9.667375404927029958e-01
9.652681145706938359e-01
9.686967750553817647e-01
9.686967750553817647e-01
9.679175340361344526e-01
9.685186628224109473e-01
9.696207322639177617e-01
9.682292304438334662e-01
9.669267847402345240e-01
9.686077189388964115e-01
9.663813160267613611e-01
9.724259999332078852e-01
9.721699635983124255e-01
9.668265966091883490e-01
9.689973394485200675e-01
9.693646959290223020e-01
9.677282897886030355e-01
9.702441250793155669e-01
9.692088477251727952e-01
9.695094121183109870e-01
9.692199797397336170e-01
9.675947056138749502e-01
9.685075308078503475e-01
9.669601807839164342e-01
9.693535639144615912e-01
9.681624383564693126e-01
9.682960225311975089e-01
9.687301710990636749e-01
9.708341218510313508e-01
9.686856430408210539e-01
9.696652603221604938e-01
9.701216729191483035e-01
9.680956462691053810e-01
9.695094121183110980e-01
9.698879006133740432e-01
9.694537520455076551e-01
9.691977157106121954e-01
9.684518707350469047e-01
9.694982801037503872e-01
9.699546927007379749e-01
9.681958344001514449e-01
9.676837617303604144e-01
9.719250592779774545e-01
9.686745110262604541e-01
9.682848905166367981e-01
9.729492046175597375e-01
9.685965869243357007e-01
9.713795905645045137e-01
9.712682704188977389e-01
9.659694314880163946e-01
9.679175340361345636e-01
9.707339337199852869e-01
9.689305473611560249e-01
9.727265643263461881e-01
9.684518707350469047e-01
9.683294185748795302e-01
9.702441250793155669e-01
9.697543164386459580e-01
9.682514944729547768e-01
9.707561977491065974e-01
9.710011020694415684e-01
9.686633790116997433e-01
9.682403624583940660e-01
9.722590197147977786e-01
9.676392336721176823e-01
9.686745110262604541e-01
9.665260322160500461e-01
9.637541605904420550e-01
9.626186951052532192e-01
9.629303915129521219e-01
9.662477318520332759e-01
9.648562300319488694e-01
9.634869922409857734e-01
9.636428404448353913e-01
9.618839821442486393e-01
9.660918836481837690e-01
9.610379490376372846e-01
9.640435929690196470e-01
9.646669857844173412e-01
9.654907548619073854e-01
9.639545368525341829e-01
9.641883091583084431e-01
9.628079393527846364e-01
9.676281016575568605e-01
9.661364117064265011e-01
9.640213289398982255e-01
9.669379167547951237e-01
9.646001936970534096e-01
9.626854871926172619e-01
9.648673620465095802e-01
9.653349066580578786e-01
9.662365998374726761e-01
9.659694314880163946e-01
9.663367879685186290e-01
9.642996293039152178e-01
9.670047088421591663e-01
9.634869922409858845e-01
9.631418997896049605e-01
9.636317084302746805e-01
9.678507419487705210e-01
9.662922599102760080e-01
9.679620620943771847e-01
9.675167815119503079e-01
9.647003818280994736e-01
9.668377286237489487e-01
9.649564181629948223e-01
9.643218933330365283e-01
9.682626264875153765e-01
9.657801872404849775e-01
9.659805635025769943e-01
9.638543487214881189e-01
9.660139595462590156e-01
9.654239627745433427e-01
9.673831973372221116e-01
9.663367879685186290e-01
9.656688670948780917e-01
9.697431844240852472e-01
9.684184746913648834e-01
9.684963987932896368e-01
9.692311117542942167e-01
9.682737585020763094e-01
9.655575469492715390e-01
9.662365998374726761e-01
9.659582994734556838e-01
9.676392336721175713e-01
9.659026394006522409e-01
9.664592401286860035e-01
9.662922599102758969e-01
9.682848905166367981e-01
9.681735703710299124e-01
9.669267847402345240e-01
9.685297948369716581e-01
9.691420556378087525e-01
9.696541283075997830e-01
9.673275372644186687e-01
9.682626264875153765e-01
9.684630027496076154e-01
9.691086595941267312e-01
9.701550689628302138e-01
9.697097883804032259e-01
9.689194153465953141e-01
9.674054613663434221e-01
9.715020427246717771e-01
9.681401743273481131e-01
9.697097883804032259e-01
9.680845142545446702e-01
9.690084714630806673e-01
9.697209203949638257e-01
9.673275372644187797e-01
9.672496131624940263e-01
9.698322405405706004e-01
9.699769567298593964e-01
9.708563858801527724e-01
9.700882768754661711e-01
9.693758279435829017e-01
9.691197916086874420e-01
9.692311117542942167e-01
9.685743228952143902e-01
9.674054613663434221e-01
9.693090358562188591e-01
9.702663891084369885e-01
9.670826329440839197e-01
9.691977157106120844e-01
9.698322405405706004e-01
9.694871480891896764e-01
9.690196034776412670e-01
9.706226135743785122e-01
9.710790261713662108e-01
9.671828210751299837e-01
9.691865836960514846e-01
9.698767685988133325e-01
9.694092239872649230e-01
9.674945174828288863e-01
9.705224254433324482e-01
9.695094121183109870e-01
9.704556333559684056e-01
9.703443132103617419e-01
9.709788380403201469e-01
9.712794024334584497e-01
9.673609333081008010e-01
9.685743228952143902e-01
9.696652603221604938e-01
9.716801549576427055e-01
9.690307354922019778e-01
9.706671416326213553e-01
9.709120459529561042e-01
9.694871480891896764e-01
9.694426200309469444e-01
9.721699635983123144e-01
9.712794024334583387e-01
9.700660128463448606e-01
9.693201678707794589e-01
9.693646959290223020e-01
9.704333693268470951e-01
9.705669535015752913e-01
