6.747719688542825889e-01
6.765183537263625979e-01
6.915684093437152180e-01
7.178531701890989991e-01
6.861290322580644307e-01
7.111679644048942706e-01
6.937819799777529273e-01
6.713014460511679271e-01
6.814238042269187279e-01
6.938264738598443060e-01
6.905561735261400713e-01
6.685205784204670820e-01
6.875639599555061210e-01
6.929143492769744839e-01
6.704115684093437944e-01
6.401223581757506942e-01
7.909788654060067037e-01
7.732480533926584521e-01
7.483759733036707829e-01
7.677641824249166191e-01
7.640934371523915303e-01
7.807341490545051110e-01
7.566073414905450933e-01
7.898109010011122866e-01
7.610567296996664233e-01
7.916796440489433095e-01
7.743159065628477666e-01
7.654171301446052178e-01
7.658620689655172287e-01
7.774193548387096087e-01
7.791879866518354181e-01
7.824916573971080203e-01
8.152614015572858808e-01
8.336929922135707383e-01
8.512124582869855516e-01
8.389098998887652980e-01
8.400111234705227581e-01
8.413904338153503915e-01
8.365072302558399508e-01
8.500889877641825132e-01
8.477085650723026333e-01
8.424026696329255381e-01
8.570967741935483497e-01
8.649165739710789058e-01
8.605116796440489546e-01
8.630255839822024155e-01
8.420578420467185188e-01
8.587764182424917347e-01
8.939822024471635320e-01
8.856507230255838969e-01
8.751501668520579313e-01
8.784204671857619440e-01
8.672969966629588967e-01
8.855728587319242617e-01
8.548943270300334296e-01
8.759176863181312722e-01
8.826918798665184251e-01
8.784760845383758898e-01
8.682647385984425537e-01
8.790989988876528605e-01
8.888320355951055962e-01
8.902892102335928648e-01
8.757842046718575801e-01
8.837374860956618283e-01
8.954060066740822110e-01
8.984204671857618507e-01
9.026585094549499644e-01
8.978086763070077803e-01
9.046607341490545684e-01
8.964961067853169929e-01
8.927697441601779582e-01
9.056507230255840257e-01
8.938042269187986832e-01
9.001779755283648710e-01
9.016685205784205071e-01
8.881090100111235230e-01
8.868631813125695817e-01
8.938042269187985722e-01
8.808565072302558807e-01
8.967630700778642661e-01
9.206562847608452671e-01
9.185984427141268283e-01
8.995773081201334787e-01
8.991657397107897243e-01
9.126028921023359164e-01
9.122914349276973756e-01
8.903670745272525000e-01
9.057285873192436609e-01
9.026585094549499644e-01
9.022803114571746885e-01
8.960400444938821929e-01
9.143826473859844040e-01
9.083092324805339679e-01
9.097664071190211255e-01
8.885094549499444883e-01
8.990989988876529893e-01
9.007786429365962633e-01
9.020467185761957829e-01
9.136040044493881629e-01
9.023136818687430560e-01
9.020800889877642614e-01
9.034705228031145730e-01
8.985650723025584430e-01
9.163070077864293728e-01
8.981423804226918994e-01
9.251279199110121754e-01
9.212235817575084029e-01
9.197441601779755560e-01
9.067519466073414858e-01
9.087986651835372465e-01
9.244382647385984697e-01
9.001668520578419708e-01
9.041490545050054894e-01
8.935150166852059428e-01
9.103781979977753069e-01
9.177085650723025845e-01
8.922914349276974688e-01
9.183426028921023443e-01
9.181312569521691280e-01
8.999443826473860764e-01
9.064961067853170018e-01
9.109343715239154315e-01
9.131145717463849953e-01
9.221913236929921709e-01
9.184093437152391903e-01
8.981201334816462101e-01
9.139265850945494929e-01
9.000889877641824466e-01
6.959065628476084342e-01
6.955172413793103692e-01
6.901223581757507386e-01
7.007563959955506183e-01
6.399443826473860675e-01
6.984760845383759520e-01
7.005784204671857696e-01
7.181423804226918506e-01
6.987208008898777578e-01
7.003670745272524423e-01
6.775194660734149554e-01
7.038820912124582607e-01
7.005450500556174021e-01
6.950723025583982473e-01
6.820022246941045418e-01
7.026696329254726869e-01
7.902780867630700978e-01
7.776751946607340926e-01
7.811790878754170109e-01
7.801668520578419752e-01
7.975417130144606404e-01
7.828476084538376067e-01
7.786429365962179716e-01
7.817241379310344573e-01
7.922246941045606450e-01
8.023359288097886566e-01
7.692769744160178336e-01
7.923804226918798044e-01
7.790322580645161477e-01
7.839599555061178560e-01
7.840155728587319128e-01
7.744493882091212367e-01
8.633036707452725889e-01
8.514238042269188789e-01
8.612235817575082386e-01
8.673971078976642213e-01
8.558064516129032517e-01
8.629143492769744128e-01
8.583537263626250802e-01
8.255839822024472197e-01
8.647608453837597464e-01
8.435150166852057874e-01
8.519132369299222685e-01
8.614349276974416769e-01
8.739933259176864144e-01
8.687208008898776868e-01
8.621913236929921176e-01
8.665072302558397555e-01
8.895328142380423131e-01
8.777530589543938166e-01
8.892658509454950400e-01
8.828809788654059520e-01
8.835372636262514012e-01
8.931701890989989234e-01
8.798220244716352667e-01
8.905561735261401379e-01
8.914571746384871709e-01
8.767964404894327268e-01
8.897552836484984295e-01
8.777196885428253381e-01
8.792324805339266636e-01
8.903559510567297108e-01
8.886874304783092260e-01
8.984204671857619617e-01
8.938820912124583185e-01
8.975862068965516638e-01
9.037597330367074244e-01
9.065072302558399020e-01
8.997330367074527491e-01
9.023915461624025802e-01
9.014460511679645016e-01
8.957285873192436521e-01
9.015684093437151825e-01
8.983314794215795374e-01
9.055951056729699689e-01
8.984538375973303292e-01
9.034482758620689946e-01
8.956395995550611167e-01
9.011123470522803824e-01
8.957619577308120196e-01
9.049388209121246307e-01
9.099110122358176067e-01
9.021913236929922641e-01
8.885094549499443772e-01
9.173637374860956761e-01
9.072636262513904537e-01
9.075973303670745729e-01
9.040044493882091192e-01
9.007119021134594172e-01
8.991323692992213568e-01
9.028253615127920240e-01
9.051612903225807472e-01
9.154393770856507073e-01
9.109232480533927534e-01
9.059176863181312989e-01
9.071078976640711833e-01
9.179866518353726468e-01
9.182758620689653872e-01
9.094438264738599065e-01
8.869076751946607384e-01
9.086206896551723977e-01
9.208342602892103379e-01
9.104115684093437855e-01
9.053615127919909522e-01
9.182536151279199199e-01
8.998442714126808628e-01
9.059176863181312989e-01
9.026585094549499644e-01
9.161624026696328915e-01
9.101001112347053557e-01
8.990878754171300891e-01
9.214571746384871975e-01
9.108008898776417395e-01
9.177419354838709520e-01
9.030255839822024511e-01
9.039822024471635409e-01
9.098331479421579715e-01
9.167408231368187055e-01
9.110789766407118018e-01
9.090545050055617304e-01
9.189432703003336256e-01
9.138042269187987010e-01
9.011234705228031716e-01
9.092436040044493684e-01
8.764627363737487187e-01
9.199777530589544616e-01
9.197886540600668237e-01
9.109454949944383317e-01
6.930144605116795864e-01
6.854282536151278249e-01
7.071523915461623844e-01
6.969410456062290482e-01
6.956173526140156937e-01
6.983426028921023709e-01
6.849833147942159250e-01
7.008120133481647862e-01
7.046496106785318236e-01
6.984983314794215303e-01
6.908231368186874555e-01
7.071412680756394842e-01
6.999666295884315881e-01
6.978754171301445597e-01
7.146384872080089323e-01
7.038932146829810499e-01
7.878976640711901069e-01
7.878754171301446396e-01
7.914905450500555606e-01
7.850166852057842704e-01
7.929588431590657294e-01
7.909343715239154360e-01
7.821023359288098442e-01
7.776974416017798930e-01
7.881979977753058586e-01
7.891879866518354270e-01
8.026807563959955649e-01
7.882313681868743371e-01
7.970411568409343506e-01
7.969632925472747154e-01
7.811790878754172329e-01
8.017686318131257428e-01
8.599332591768632517e-01
8.702669632925472687e-01
8.626473859844272507e-01
8.728364849833148975e-01
8.635595105672968508e-01
8.547830923248054269e-01
8.628587319243604670e-01
8.409566184649610587e-01
8.486429365962180338e-01
8.673526140155729536e-01
8.584872080088987722e-01
8.724249165739710321e-01
8.607675194660734386e-01
8.607230255839820598e-01
8.582981090100110233e-01
8.631701890989988968e-01
8.870856507230255872e-01
8.867519466073414680e-01
8.844160177975528558e-01
8.848275862068966102e-01
8.930033370411569749e-01
8.856618464961067971e-01
8.819132369299221841e-01
8.933926585094549289e-01
8.823804226918798843e-01
8.920133481646274065e-01
8.869966629588432738e-01
8.871301446051168549e-01
8.931701890989988124e-01
8.867408231368186788e-01
8.771968854282536920e-01
8.881201334816462012e-01
9.048275862068964059e-01
9.005895439377085143e-01
8.937597330367075266e-01
8.964293659621802579e-01
9.132925472747497331e-01
9.106785317018910586e-01
9.089321468298108275e-01
9.026028921023359075e-01
9.100333704115683986e-01
8.980533926585094751e-01
9.009343715239155337e-01
9.064961067853170018e-01
8.965628476084538390e-01
9.104004449388208853e-01
8.914571746384871709e-01
9.034037819799777269e-01
9.136929922135705873e-01
9.034037819799778379e-01
9.165850945494994351e-01
9.092102335928808898e-01
8.991323692992213568e-01
9.172525027808676734e-01
9.062513904338154180e-01
9.238598442714127668e-01
8.951946607341491058e-01
9.241490545050056182e-01
9.086763070077864546e-01
9.101001112347052446e-01
9.084427141268075490e-01
9.105672969966629449e-01
9.131256952169076735e-01
9.178642936596217439e-01
9.067741935483871751e-01
9.106229143492770017e-01
9.264961067853169085e-01
9.248053392658509564e-01
9.084315906562847598e-01
9.142602892102336121e-01
9.109677419354839101e-01
9.103448275862069394e-01
9.103003337041157828e-01
9.108342602892103290e-01
8.983982202447162724e-01
9.052502780867630605e-01
9.039933259176863301e-01
9.083092324805338569e-01
9.137041156840934875e-01
9.132703003337041547e-01
9.187986651835372554e-01
9.166963292547274378e-01
8.983314794215795374e-01
9.265517241379310764e-01
9.011123470522802714e-01
9.035261401557286298e-01
9.028587319243603915e-01
9.032703003337041459e-01
9.132258064516127760e-01
9.201779755283648887e-01
9.072525027808675535e-01
9.137931034482758008e-01
9.152391546162401692e-01
9.261290322580646439e-01
8.962958843159065658e-01
9.192880978865406449e-01
