5.078799999999999981e-02 2.346759999999999957e-01 2.084060000000000079e-01 5.061299999999999688e-01
2.247419999999999973e-01 3.319590000000000041e-01 2.041239999999999999e-01 2.391749999999999987e-01
9.324059999999999571e-01 3.379700000000000065e-02 1.192799999999999937e-02 2.186899999999999955e-02
8.097000000000000031e-03 1.012099999999999979e-02 0.000000000000000000e+00 9.817810000000000148e-01
1.313300000000000058e-02 1.238270000000000065e-01 0.000000000000000000e+00 8.630390000000000006e-01
9.217560000000000198e-01 2.862599999999999867e-02 1.717600000000000030e-02 3.244299999999999962e-02
4.040000000000000188e-03 1.010100000000000060e-02 9.717170000000000529e-01 1.414100000000000079e-02
5.673799999999999677e-02 8.687899999999999789e-02 2.482300000000000131e-02 8.315599999999999659e-01
6.860999999999999911e-03 7.958830000000000071e-01 0.000000000000000000e+00 1.972559999999999869e-01
8.689139999999999642e-01 8.239699999999999802e-02 2.247199999999999892e-02 2.621700000000000072e-02
2.898600000000000135e-02 8.079709999999999948e-01 7.245999999999999837e-03 1.557969999999999910e-01
0.000000000000000000e+00 1.818200000000000024e-02 9.717170000000000529e-01 1.010100000000000060e-02
7.080000000000000356e-03 7.557519999999999794e-01 2.283189999999999942e-01 8.850000000000000228e-03
3.932579999999999965e-01 2.621700000000000072e-02 1.161049999999999999e-01 4.644190000000000262e-01
2.000000000000000042e-02 1.472729999999999873e-01 2.181800000000000059e-02 8.109089999999999909e-01
0.000000000000000000e+00 3.216490000000000182e-01 6.783510000000000373e-01 0.000000000000000000e+00
6.728020000000000111e-01 1.840500000000000122e-02 3.087929999999999842e-01 0.000000000000000000e+00
2.020619999999999916e-01 4.453610000000000069e-01 2.412370000000000070e-01 1.113399999999999945e-01
2.435100000000000112e-02 2.061689999999999912e-01 5.519500000000000101e-02 7.142859999999999765e-01
3.125000000000000000e-01 2.500000000000000139e-02 5.232139999999999569e-01 1.392859999999999931e-01
