2.500000000000000000e-01 4.166670000000000096e-01 3.333329999999999904e-01 0.000000000000000000e+00
8.333300000000000429e-02 3.333329999999999904e-01 1.666670000000000096e-01 4.166670000000000096e-01
4.166670000000000096e-01 0.000000000000000000e+00 5.833329999999999904e-01 0.000000000000000000e+00
0.000000000000000000e+00 1.000000000000000000e+00 0.000000000000000000e+00 0.000000000000000000e+00
1.000000000000000000e+00 0.000000000000000000e+00 0.000000000000000000e+00 0.000000000000000000e+00
0.000000000000000000e+00 9.166670000000000096e-01 0.000000000000000000e+00 8.333300000000000429e-02
0.000000000000000000e+00 9.166670000000000096e-01 8.333300000000000429e-02 0.000000000000000000e+00
0.000000000000000000e+00 0.000000000000000000e+00 0.000000000000000000e+00 1.000000000000000000e+00
0.000000000000000000e+00 0.000000000000000000e+00 1.000000000000000000e+00 0.000000000000000000e+00
0.000000000000000000e+00 8.333300000000000429e-02 4.166670000000000096e-01 5.000000000000000000e-01
2.500000000000000000e-01 8.333300000000000429e-02 4.166670000000000096e-01 2.500000000000000000e-01
2.500000000000000000e-01 5.000000000000000000e-01 1.666670000000000096e-01 8.333300000000000429e-02
