2.515029999999999766e-01 2.344690000000000107e-01 2.565129999999999910e-01 2.575149999999999939e-01
2.004000000000000139e-03 2.004000000000000139e-03 9.889780000000000237e-01 7.014000000000000269e-03
9.017999999999999974e-03 6.011999999999999983e-03 1.001999999999999939e-02 9.749499999999999833e-01
0.000000000000000000e+00 0.000000000000000000e+00 6.006000000000000054e-03 9.939940000000000442e-01
0.000000000000000000e+00 0.000000000000000000e+00 5.815820000000000434e-01 4.184180000000000121e-01
0.000000000000000000e+00 9.979980000000000517e-01 1.000999999999999937e-03 1.000999999999999937e-03
4.008000000000000278e-03 1.402800000000000054e-02 0.000000000000000000e+00 9.819639999999999480e-01
9.989989999999999704e-01 0.000000000000000000e+00 1.000999999999999937e-03 0.000000000000000000e+00
1.000000000000000000e+00 0.000000000000000000e+00 0.000000000000000000e+00 0.000000000000000000e+00
9.969970000000000221e-01 0.000000000000000000e+00 3.003000000000000027e-03 0.000000000000000000e+00
3.003000000000000027e-03 9.819820000000000215e-01 9.008999999999999647e-03 6.006000000000000054e-03
3.005999999999999991e-03 2.895789999999999753e-01 1.763530000000000098e-01 5.310620000000000340e-01
