1.326209999999999889e-01 1.093650000000000039e-01 2.300439999999999985e-01 5.279700000000000504e-01
3.631800000000000306e-02 1.684410000000000074e-01 9.142100000000000226e-02 7.038200000000000012e-01
4.758899999999999936e-02 8.553539999999999477e-01 3.130899999999999656e-02 6.574800000000000089e-02
9.063670000000000337e-01 1.872700000000000059e-02 5.867699999999999999e-02 1.623000000000000137e-02
2.119700000000000056e-02 2.743100000000000052e-02 9.451370000000000049e-01 6.233999999999999958e-03
7.601199999999999624e-02 6.093460000000000543e-01 2.012460000000000082e-01 1.133959999999999968e-01
9.806970000000000409e-01 4.359000000000000027e-03 7.472000000000000343e-03 7.472000000000000343e-03
1.868000000000000086e-03 9.875469999999999526e-01 7.472000000000000343e-03 3.112999999999999882e-03
2.179299999999999987e-02 9.221669999999999590e-01 1.245300000000000053e-02 4.358700000000000074e-02
5.688469999999999915e-01 1.252340000000000120e-01 1.009349999999999969e-01 2.049839999999999995e-01
1.365339999999999887e-01 2.337909999999999988e-01 7.730700000000000072e-02 5.523689999999999989e-01
2.431399999999999881e-02 4.363999999999999824e-03 9.669579999999999842e-01 4.363999999999999824e-03
1.246899999999999918e-02 3.116999999999999979e-03 9.831670000000000131e-01 1.247000000000000062e-03
8.771050000000000235e-01 6.986900000000000055e-02 2.120999999999999969e-02 3.181500000000000300e-02
8.125000000000000278e-03 8.000000000000000444e-01 1.456250000000000044e-01 4.624999999999999944e-02
9.837500000000000133e-01 5.624999999999999792e-03 4.375000000000000416e-03 6.250000000000000347e-03
2.634900000000000089e-02 8.156000000000000055e-03 9.598489999999999522e-01 5.645999999999999977e-03
1.286879999999999968e-01 6.321409999999999529e-01 1.148779999999999940e-01 1.242940000000000017e-01
2.298989999999999922e-01 1.947199999999999973e-02 4.321610000000000174e-01 3.184670000000000001e-01
1.339619999999999977e-01 5.867919999999999803e-01 2.006290000000000018e-01 7.861600000000000532e-02
1.125789999999999985e-01 7.006289999999999463e-01 2.326999999999999902e-02 1.635220000000000007e-01
