5.480000000000000426e-01 1.400000000000000133e-01 1.079999999999999988e-01 2.039999999999999869e-01
4.305689999999999795e-01 7.292700000000000571e-02 5.994000000000000022e-02 4.365629999999999789e-01
2.469999999999999973e-01 2.109999999999999931e-01 3.320000000000000173e-01 2.099999999999999922e-01
6.093900000000000011e-02 9.390600000000000336e-02 2.377620000000000011e-01 6.073929999999999607e-01
4.924919999999999853e-01 9.509499999999999897e-02 3.703699999999999770e-01 4.204200000000000298e-02
6.793200000000000627e-02 1.898100000000000134e-02 8.421579999999999622e-01 7.092900000000000593e-02
8.000000000000000167e-02 1.499999999999999944e-02 8.559999999999999831e-01 4.900000000000000189e-02
4.200000000000000261e-02 1.570000000000000007e-01 2.449999999999999956e-01 5.560000000000000497e-01
1.310000000000000053e-01 4.450000000000000067e-01 2.010000000000000120e-01 2.230000000000000038e-01
8.870000000000000107e-01 1.600000000000000033e-02 6.700000000000000400e-02 2.999999999999999889e-02
6.690000000000000391e-01 2.400000000000000050e-02 2.079999999999999905e-01 9.900000000000000466e-02
8.070000000000000506e-01 2.500000000000000139e-02 1.429999999999999882e-01 2.500000000000000139e-02
1.110000000000000014e-01 1.600000000000000033e-02 8.619999999999999885e-01 1.099999999999999936e-02
1.799999999999999864e-02 1.400000000000000029e-02 7.840000000000000302e-01 1.839999999999999969e-01
1.701700000000000088e-02 4.904900000000000232e-02 1.151149999999999951e-01 8.188189999999999635e-01
8.999999999999999667e-02 5.979999999999999760e-01 1.459999999999999909e-01 1.660000000000000087e-01
6.896900000000000253e-01 3.703700000000000048e-02 2.302299999999999902e-01 4.304299999999999793e-02
2.220000000000000029e-01 2.369999999999999885e-01 2.429999999999999938e-01 2.979999999999999871e-01
