3.161510000000000153e-01 1.237110000000000015e-01 6.872899999999999843e-02 4.914089999999999847e-01
2.886600000000000277e-01 1.134020000000000028e-01 1.340210000000000012e-01 4.639179999999999970e-01
1.649480000000000113e-01 8.281789999999999985e-01 0.000000000000000000e+00 6.872999999999999769e-03
0.000000000000000000e+00 7.972510000000000430e-01 3.435999999999999818e-03 1.993129999999999902e-01
6.357390000000000541e-01 2.096220000000000028e-01 3.780100000000000127e-02 1.168379999999999974e-01
7.457040000000000335e-01 7.560100000000000153e-02 3.780100000000000127e-02 1.408929999999999905e-01
9.725089999999999568e-01 0.000000000000000000e+00 0.000000000000000000e+00 2.749100000000000155e-02
8.247419999999999751e-01 3.435999999999999818e-03 0.000000000000000000e+00 1.718210000000000015e-01
5.360819999999999474e-01 3.436399999999999871e-02 3.573879999999999835e-01 7.216500000000000692e-02
3.264599999999999724e-01 0.000000000000000000e+00 1.030930000000000041e-01 5.704470000000000374e-01
3.367700000000000138e-01 6.872999999999999769e-03 6.563569999999999682e-01 0.000000000000000000e+00
2.405499999999999999e-02 0.000000000000000000e+00 9.759449999999999514e-01 0.000000000000000000e+00
6.288660000000000361e-01 1.924399999999999999e-01 1.718199999999999936e-02 1.615119999999999889e-01
7.938140000000000196e-01 6.185600000000000126e-02 3.092800000000000063e-02 1.134020000000000028e-01
8.350520000000000165e-01 3.092800000000000063e-02 6.529200000000000281e-02 6.872899999999999843e-02
